Torneio:

Execução 1:

Tempo de Inicio (hh:mm:ss.ms) 2019-08-29 21:54:53.924084
gen	min    	max    	avg    	std   
0  	146,132	184,004	166,924	5,7156
1  	146,132	182,466	163,663	5,35302
264	108,283	144,948	109,348	3,93958
Tempo de Termino (hh:mm:ss.ms) 2019-08-29 21:58:54.503863
Tempo Total (hh:mm:ss.ms) 0:04:00.579779
Individuo: [[27, 36, 32, 42, 28, 35, 34, 31, 1, 29, 37, 38, 43, 3, 41, 13, 33, 30, 0, 12, 23, 24, 19, 20, 14, 40, 44, 9, 8, 2, 4, 5, 6, 21, 22, 7, 15, 39, 10, 11, 26, 25, 16, 17, 18], [0, 1, 1, 1, 1, 1, 1, 1, 0, 0, 0, 0, 0, 0, 1, 0, 1, 1, 0, 0, 0, 0, 0, 0, 1, 0, 0, 1, 1, 1, 0, 0, 0, 0, 0, 0, 1, 1, 1, 0, 1, 1, 0, 0, 0]]
Fitness:  108.28277592263231

Execução 2:

Tempo de Inicio (hh:mm:ss.ms) 2019-08-29 21:58:54.969703
gen	min    	max    	avg    	std    
0  	145,425	183,439	167,204	5,65211
1  	145,628	182,51 	163,83 	5,47034
254	108,18 	153,517	109,344	4,29283
Tempo de Termino (hh:mm:ss.ms) 2019-08-29 22:02:37.539954
Tempo Total (hh:mm:ss.ms) 0:03:42.570251
Individuo: [[27, 28, 42, 38, 29, 37, 43, 32, 34, 31, 4, 5, 6, 12, 10, 9, 7, 22, 21, 24, 23, 25, 26, 15, 44, 39, 11, 17, 16, 40, 14, 20, 19, 18, 41, 13, 3, 1, 2, 8, 36, 35, 33, 30, 0], [0, 0, 0, 1, 0, 0, 0, 0, 1, 1, 0, 0, 0, 1, 1, 1, 1, 1, 1, 1, 1, 0, 0, 1, 1, 1, 0, 1, 1, 1, 0, 1, 1, 1, 1, 0, 1, 0, 0, 0, 1, 0, 1, 1, 0]]
Fitness:  108.18014808172589

Execução 3:

Tempo de Inicio (hh:mm:ss.ms) 2019-08-29 22:02:38.020844
gen	min    	max    	avg    	std    
0  	145,866	181,298	166,786	5,71569
1  	143,725	179,757	163,434	5,51124
354	108,545	150,108	109,641	4,07279
Tempo de Termino (hh:mm:ss.ms) 2019-08-29 22:07:41.432340
Tempo Total (hh:mm:ss.ms) 0:05:03.411496
Individuo: [[27, 33, 30, 2, 8, 13, 41, 10, 9, 3, 0, 1, 43, 38, 42, 34, 35, 28, 36, 32, 31, 29, 37, 4, 5, 6, 7, 11, 26, 25, 16, 39, 44, 12, 21, 22, 24, 23, 15, 40, 14, 20, 19, 17, 18], [0, 1, 1, 0, 0, 1, 0, 1, 1, 1, 1, 0, 1, 1, 0, 0, 0, 0, 1, 1, 0, 0, 0, 0, 0, 0, 0, 0, 1, 1, 1, 0, 1, 0, 0, 0, 1, 1, 1, 1, 0, 1, 1, 0, 0]]
Fitness:  108.54472186070352

Execução 4:

Tempo de Inicio (hh:mm:ss.ms) 2019-08-29 22:07:41.914651
gen	min    	max   	avg    	std    
0  	149,464	182,93	167,016	5,74133
1  	147,506	180,983	163,674	5,49666
382	108,178	146,484	109,316	4,15248
Tempo de Termino (hh:mm:ss.ms) 2019-08-29 22:13:10.417420
Tempo Total (hh:mm:ss.ms) 0:05:28.502769
Individuo: [[28, 27, 35, 34, 31, 43, 38, 37, 29, 42, 30, 4, 5, 6, 21, 22, 25, 18, 17, 16, 41, 13, 40, 44, 19, 20, 14, 39, 11, 26, 24, 23, 7, 0, 3, 9, 10, 15, 12, 1, 2, 8, 36, 32, 33], [0, 0, 1, 1, 1, 1, 1, 1, 1, 0, 1, 0, 0, 0, 0, 0, 0, 1, 1, 1, 1, 0, 0, 0, 0, 0, 1, 1, 0, 1, 1, 1, 0, 1, 0, 0, 0, 1, 0, 1, 0, 0, 1, 1, 0]]
Fitness:  108.17751899787811

Execução 5:

Tempo de Inicio (hh:mm:ss.ms) 2019-08-29 22:13:10.889517
gen	min    	max    	avg    	std    
0  	145,986	184,007	166,971	5,71201
1  	147,593	182,898	163,605	5,36176
422	105,602	142,241	106,749	4,15418
Tempo de Termino (hh:mm:ss.ms) 2019-08-29 22:19:12.092440
Tempo Total (hh:mm:ss.ms) 0:06:01.202923
Individuo: [[27, 28, 43, 31, 34, 35, 36, 8, 13, 41, 40, 14, 20, 19, 18, 17, 16, 15, 44, 39, 10, 9, 11, 26, 25, 24, 23, 22, 21, 12, 3, 2, 0, 7, 6, 5, 30, 33, 42, 29, 37, 38, 32, 4, 1], [0, 0, 0, 0, 0, 0, 0, 0, 1, 0, 1, 0, 1, 1, 1, 1, 1, 1, 0, 1, 1, 0, 0, 1, 1, 1, 1, 1, 1, 1, 1, 0, 0, 1, 1, 1, 0, 0, 1, 0, 0, 0, 1, 1, 1]]
Fitness:  105.60206859034729

