Torneio:

Execução 1:

Tempo de Inicio (hh:mm:ss.ms) 2019-08-30 19:03:44.346527
gen	min    	max    	avg    	std    
0  	486,236	562,859	527,341	10,3477
1  	483,444	557,277	521,746	10,0879
968	329,398	415,226	332,993	11,9492
Tempo de Termino (hh:mm:ss.ms) 2019-08-30 19:40:45.170758
Tempo Total (hh:mm:ss.ms) 0:37:00.824231
Individuo: [[55, 56, 71, 9, 69, 114, 112, 15, 84, 8, 70, 94, 27, 121, 122, 78, 51, 120, 49, 83, 54, 24, 81, 63, 64, 25, 23, 92, 111, 31, 22, 20, 17, 1, 58, 59, 86, 21, 93, 46, 125, 128, 47, 48, 50, 100, 82, 91, 116, 117, 13, 14, 130, 52, 77, 76, 80, 129, 101, 119, 28, 102, 26, 39, 37, 40, 41, 43, 18, 0, 2, 10, 65, 66, 7, 6, 4, 19, 12, 11, 88, 60, 67, 35, 42, 53, 123, 131, 98, 44, 73, 32, 34, 104, 126, 75, 68, 45, 89, 90, 62, 61, 5, 16, 124, 85, 3, 57, 87, 113, 74, 72, 38, 106, 105, 97, 33, 36, 103, 96, 107, 95, 29, 127, 99, 109, 110, 108, 79, 118, 115, 30], [0, 0, 1, 0, 1, 0, 1, 0, 1, 0, 1, 0, 0, 0, 1, 0, 1, 1, 0, 0, 0, 1, 0, 1, 0, 1, 1, 1, 0, 1, 1, 1, 1, 0, 1, 0, 0, 1, 1, 1, 0, 0, 0, 0, 0, 0, 1, 1, 0, 1, 1, 0, 0, 0, 0, 0, 1, 1, 1, 0, 0, 0, 1, 1, 1, 0, 1, 0, 1, 1, 0, 1, 0, 0, 1, 1, 1, 1, 1, 1, 1, 0, 0, 0, 0, 1, 0, 1, 1, 0, 0, 1, 0, 0, 1, 0, 0, 1, 0, 1, 0, 1, 1, 0, 1, 0, 0, 0, 0, 0, 1, 1, 0, 1, 0, 0, 0, 0, 0, 0, 1, 1, 1, 1, 1, 1, 0, 1, 0, 1, 1, 1]]
Fitness:  329.16803038818733

Execução 2:

Tempo de Inicio (hh:mm:ss.ms) 2019-08-30 19:40:46.441384
gen	min    	max    	avg    	std    
0  	492,783	560,061	526,811	10,5851
1  	493,189	553,799	521,172	10,0039
1224	325,893	420,45 	329,602	12,2237
Tempo de Termino (hh:mm:ss.ms) 2019-08-30 20:27:22.314265
Tempo Total (hh:mm:ss.ms) 0:46:35.872881
Individuo: [[55, 1, 0, 2, 10, 88, 57, 56, 114, 29, 31, 111, 16, 86, 13, 116, 125, 100, 96, 104, 35, 42, 109, 27, 44, 110, 53, 101, 129, 93, 25, 92, 24, 48, 50, 128, 118, 79, 80, 83, 77, 38, 103, 39, 105, 97, 32, 74, 67, 60, 68, 33, 36, 37, 34, 108, 51, 52, 78, 121, 98, 40, 41, 43, 76, 131, 119, 4, 61, 62, 63, 64, 66, 5, 90, 23, 89, 85, 71, 9, 11, 115, 30, 28, 99, 120, 54, 122, 123, 49, 47, 91, 46, 20, 21, 22, 82, 130, 117, 6, 19, 17, 7, 81, 65, 18, 15, 95, 94, 14, 12, 124, 84, 8, 59, 58, 87, 3, 75, 126, 73, 69, 112, 45, 106, 107, 26, 127, 102, 72, 70, 113], [0, 0, 1, 0, 1, 1, 1, 1, 0, 0, 0, 1, 0, 0, 0, 0, 0, 0, 0, 1, 0, 0, 0, 1, 1, 0, 1, 1, 1, 1, 1, 0, 0, 0, 0, 0, 0, 1, 0, 0, 0, 1, 0, 0, 0, 0, 0, 0, 1, 0, 0, 0, 0, 0, 1, 0, 1, 0, 1, 1, 1, 0, 0, 0, 0, 1, 0, 0, 0, 0, 0, 0, 0, 1, 0, 1, 1, 1, 1, 0, 0, 1, 1, 1, 1, 1, 1, 1, 1, 1, 1, 0, 1, 0, 0, 1, 0, 1, 1, 1, 0, 1, 0, 1, 1, 0, 1, 0, 1, 1, 0, 1, 1, 0, 1, 0, 0, 1, 1, 0, 0, 1, 1, 0, 0, 0, 0, 1, 1, 0, 0, 1]]
Fitness:  325.8932958398157

Execução 3:

Tempo de Inicio (hh:mm:ss.ms) 2019-08-30 20:27:23.551592
gen	min    	max    	avg    	std    
0  	490,475	560,215	527,263	10,3259
1  	489,158	563,768	521,549	9,9311 
1071	332,236	423,499	335,809	11,5829
Tempo de Termino (hh:mm:ss.ms) 2019-08-30 21:08:17.525432
Tempo Total (hh:mm:ss.ms) 0:40:53.973840
Individuo: [[56, 59, 57, 86, 18, 126, 106, 107, 96, 130, 117, 116, 100, 129, 48, 54, 118, 128, 125, 93, 30, 28, 39, 105, 31, 13, 15, 16, 3, 12, 5, 61, 64, 90, 25, 46, 29, 99, 101, 120, 114, 75, 69, 124, 17, 11, 32, 97, 73, 95, 104, 68, 70, 14, 21, 91, 119, 102, 82, 23, 81, 66, 63, 65, 92, 22, 115, 24, 50, 49, 47, 20, 19, 4, 0, 2, 55, 6, 7, 62, 89, 88, 10, 87, 9, 8, 60, 71, 110, 27, 40, 41, 53, 52, 77, 83, 131, 98, 109, 108, 127, 123, 121, 122, 78, 38, 36, 103, 35, 34, 33, 37, 72, 74, 45, 113, 67, 58, 84, 1, 85, 111, 112, 94, 44, 26, 42, 43, 79, 80, 76, 51], [0, 1, 1, 0, 0, 0, 1, 0, 1, 1, 1, 0, 0, 0, 0, 1, 1, 1, 1, 1, 1, 1, 1, 0, 0, 0, 1, 0, 0, 0, 0, 0, 0, 0, 1, 1, 1, 1, 1, 1, 1, 1, 0, 0, 0, 1, 1, 1, 1, 1, 1, 1, 1, 1, 1, 0, 1, 1, 1, 0, 0, 0, 1, 0, 1, 0, 1, 0, 1, 1, 1, 1, 0, 0, 1, 0, 1, 0, 0, 1, 1, 1, 1, 1, 1, 1, 0, 1, 0, 1, 0, 0, 1, 0, 1, 0, 1, 1, 1, 0, 1, 0, 0, 0, 0, 1, 0, 0, 1, 1, 1, 0, 0, 0, 1, 1, 1, 0, 0, 1, 0, 0, 0, 0, 0, 0, 1, 0, 1, 0, 1, 1]]
Fitness:  332.2364993763475

Execução 4:

Tempo de Inicio (hh:mm:ss.ms) 2019-08-30 21:08:18.809817
gen	min    	max    	avg   	std    
0  	485,816	567,447	527,07	10,5105
1  	480,661	556,939	521,73	10,0824
847	332,258	413,908	336,265	12,4977
Tempo de Termino (hh:mm:ss.ms) 2019-08-30 21:40:28.645250
Tempo Total (hh:mm:ss.ms) 0:32:09.835433
Individuo: [[56, 55, 8, 14, 74, 45, 112, 130, 115, 29, 95, 31, 94, 111, 69, 22, 61, 6, 7, 0, 1, 85, 124, 3, 88, 60, 59, 57, 4, 66, 90, 63, 62, 89, 18, 20, 15, 12, 16, 117, 116, 100, 128, 118, 120, 98, 49, 79, 51, 27, 44, 119, 125, 13, 11, 87, 71, 9, 102, 52, 131, 110, 40, 77, 76, 78, 122, 121, 127, 39, 104, 26, 53, 80, 105, 107, 97, 32, 68, 67, 10, 84, 21, 93, 109, 43, 83, 48, 24, 50, 92, 17, 86, 91, 47, 123, 54, 99, 101, 129, 126, 96, 41, 42, 73, 113, 33, 72, 30, 82, 23, 81, 64, 19, 75, 114, 106, 35, 34, 37, 36, 38, 103, 108, 28, 46, 25, 65, 5, 2, 58, 70], [0, 0, 0, 0, 0, 1, 1, 0, 1, 0, 0, 1, 1, 1, 1, 1, 1, 0, 1, 1, 0, 0, 1, 0, 1, 1, 0, 0, 0, 1, 1, 1, 1, 1, 0, 0, 1, 0, 0, 0, 1, 1, 0, 0, 0, 0, 0, 1, 1, 1, 1, 0, 1, 1, 1, 0, 1, 0, 0, 0, 1, 1, 0, 1, 1, 0, 1, 1, 1, 1, 0, 0, 1, 1, 0, 1, 0, 1, 1, 1, 0, 0, 1, 0, 1, 0, 0, 0, 0, 1, 1, 1, 0, 0, 0, 1, 0, 1, 1, 1, 0, 0, 0, 0, 0, 1, 0, 1, 0, 1, 0, 0, 1, 0, 0, 0, 0, 1, 1, 0, 0, 0, 1, 0, 0, 0, 0, 1, 1, 0, 1, 0]]
Fitness:  332.2577187770784

Execução 5:

Tempo de Inicio (hh:mm:ss.ms) 2019-08-30 21:40:29.899883
gen	min    	max   	avg   	std   
0  	491,455	565,23	527,28	10,298
1  	490,76 	554,374	521,147	9,74864
831	333,008	421,058	336,758	11,9208
Tempo de Termino (hh:mm:ss.ms) 2019-08-30 22:26:17.033762
Tempo Total (hh:mm:ss.ms) 0:45:47.133879
Individuo: [[55, 10, 87, 59, 67, 37, 38, 96, 98, 99, 28, 30, 5, 4, 124, 84, 1, 85, 72, 35, 34, 36, 43, 77, 51, 53, 78, 123, 122, 54, 47, 11, 88, 14, 117, 22, 116, 16, 86, 19, 92, 24, 50, 125, 15, 12, 57, 7, 62, 66, 64, 61, 63, 65, 91, 46, 119, 129, 120, 118, 128, 100, 45, 112, 71, 60, 6, 130, 82, 93, 21, 13, 111, 31, 95, 74, 68, 97, 33, 103, 27, 121, 52, 101, 127, 109, 110, 44, 39, 40, 76, 41, 131, 108, 42, 106, 75, 70, 114, 113, 73, 32, 107, 105, 126, 94, 29, 104, 26, 102, 20, 18, 17, 3, 56, 2, 0, 89, 81, 90, 79, 80, 83, 49, 48, 25, 23, 115, 69, 9, 8, 58], [0, 1, 0, 0, 0, 1, 1, 1, 0, 0, 0, 0, 0, 1, 1, 1, 0, 0, 1, 1, 1, 0, 0, 0, 1, 0, 1, 0, 0, 0, 1, 1, 0, 1, 0, 0, 1, 0, 0, 1, 0, 0, 1, 1, 1, 0, 0, 0, 0, 1, 1, 0, 1, 0, 0, 1, 1, 0, 1, 1, 1, 0, 1, 1, 0, 1, 1, 0, 1, 1, 0, 1, 0, 1, 0, 0, 0, 1, 0, 0, 0, 0, 1, 1, 0, 1, 1, 0, 1, 0, 1, 1, 0, 1, 0, 1, 0, 1, 1, 1, 1, 1, 0, 1, 1, 1, 1, 0, 0, 1, 1, 1, 1, 0, 0, 1, 0, 0, 0, 1, 1, 0, 0, 1, 0, 1, 1, 1, 0, 1, 1, 1]]
Fitness:  333.0076049990261

