Torneio:

Execução 1:

Tempo de Inicio (hh:mm:ss.ms) 2019-08-30 15:11:36.952081
gen	min    	max   	avg    	std    
0  	309,252	358,02	333,862	7,29065
1  	307,811	353,703	329,609	7,07035
784	210,38 	272,409	212,963	8,17945
Tempo de Termino (hh:mm:ss.ms) 2019-08-30 15:32:57.811081
Tempo Total (hh:mm:ss.ms) 0:21:20.859000
Individuo: [[34, 78, 6, 89, 53, 88, 71, 90, 92, 54, 13, 14, 61, 27, 25, 26, 29, 33, 28, 31, 32, 8, 65, 82, 63, 4, 58, 3, 76, 43, 37, 36, 35, 47, 2, 1, 57, 59, 19, 20, 22, 30, 75, 41, 40, 23, 77, 9, 64, 91, 87, 80, 49, 51, 5, 42, 44, 0, 55, 39, 79, 24, 10, 52, 50, 72, 48, 85, 46, 81, 21, 73, 74, 12, 11, 62, 7, 56, 38, 45, 67, 66, 16, 17, 83, 68, 86, 60, 84, 69, 70, 15, 18], [0, 1, 1, 0, 0, 1, 0, 0, 0, 0, 0, 0, 0, 1, 1, 0, 0, 0, 1, 0, 0, 0, 1, 1, 1, 1, 1, 0, 1, 0, 1, 1, 0, 1, 1, 1, 0, 0, 0, 0, 0, 0, 1, 1, 0, 0, 1, 1, 0, 0, 0, 0, 0, 0, 1, 1, 0, 1, 0, 0, 0, 0, 1, 1, 1, 0, 1, 1, 0, 0, 0, 1, 0, 1, 0, 1, 1, 1, 1, 0, 1, 1, 0, 0, 0, 0, 1, 0, 0, 1, 1, 0, 0]]
Fitness:  210.38037036593033

Execução 2:

Tempo de Inicio (hh:mm:ss.ms) 2019-08-30 15:32:58.694841
gen	min   	max    	avg    	std    
0  	304,93	362,374	333,605	7,43965
1  	304,93	355,973	329,52 	7,0835 
557	215,074	265,034	217,413	7,44973
Tempo de Termino (hh:mm:ss.ms) 2019-08-30 15:48:16.669122
Tempo Total (hh:mm:ss.ms) 0:15:17.974281
Individuo: [[34, 78, 7, 74, 22, 19, 21, 20, 72, 51, 59, 69, 16, 67, 15, 48, 80, 73, 11, 31, 14, 62, 56, 55, 38, 39, 6, 57, 2, 1, 0, 35, 36, 37, 44, 45, 85, 83, 86, 70, 66, 47, 60, 52, 92, 90, 87, 49, 88, 53, 8, 27, 76, 40, 23, 41, 43, 42, 77, 79, 25, 33, 29, 32, 30, 28, 26, 75, 24, 61, 65, 12, 89, 71, 82, 13, 9, 64, 63, 4, 3, 5, 91, 54, 10, 81, 50, 58, 84, 46, 17, 18, 68], [0, 1, 0, 0, 1, 0, 0, 1, 1, 0, 0, 1, 1, 0, 0, 0, 1, 0, 0, 1, 1, 1, 1, 1, 0, 0, 1, 1, 0, 1, 1, 1, 0, 0, 1, 0, 0, 1, 1, 1, 1, 1, 0, 0, 1, 1, 0, 0, 0, 1, 1, 1, 0, 1, 1, 1, 0, 0, 0, 0, 0, 0, 1, 0, 0, 1, 1, 1, 0, 0, 0, 0, 1, 0, 0, 0, 0, 0, 1, 1, 0, 0, 1, 0, 0, 0, 0, 1, 0, 0, 0, 0, 0]]
Fitness:  215.07431640487002

Execução 3:

Tempo de Inicio (hh:mm:ss.ms) 2019-08-30 15:48:17.585598
gen	min    	max    	avg    	std    
0  	307,548	359,293	333,464	7,24385
1  	304,724	354,611	329,59 	7,12471
700	207,256	267,513	209,805	8,30857
Tempo de Termino (hh:mm:ss.ms) 2019-08-30 16:07:29.913386
Tempo Total (hh:mm:ss.ms) 0:19:12.327788
Individuo: [[34, 35, 36, 62, 13, 12, 91, 87, 81, 88, 71, 90, 54, 63, 52, 51, 5, 3, 6, 77, 75, 41, 38, 79, 24, 64, 82, 8, 14, 32, 31, 33, 29, 76, 37, 44, 45, 70, 56, 55, 0, 86, 48, 49, 80, 72, 19, 73, 65, 11, 27, 25, 26, 23, 78, 30, 28, 61, 9, 7, 47, 1, 46, 84, 50, 20, 21, 22, 74, 92, 39, 43, 40, 42, 10, 53, 89, 4, 58, 59, 60, 66, 67, 69, 85, 83, 18, 68, 16, 17, 15, 2, 57], [0, 0, 0, 0, 1, 0, 0, 0, 1, 0, 0, 0, 0, 1, 1, 1, 1, 0, 0, 0, 0, 1, 0, 0, 0, 0, 0, 1, 0, 1, 1, 0, 1, 0, 1, 1, 0, 0, 1, 1, 0, 0, 0, 0, 0, 0, 0, 1, 0, 0, 1, 0, 0, 0, 0, 1, 1, 1, 0, 1, 1, 0, 1, 1, 1, 0, 0, 0, 1, 1, 0, 1, 1, 0, 1, 0, 0, 1, 1, 0, 1, 1, 1, 0, 0, 0, 0, 0, 1, 1, 1, 1, 0]]
Fitness:  207.25610224535478

Execução 4:

Tempo de Inicio (hh:mm:ss.ms) 2019-08-30 16:07:30.775072
gen	min    	max    	avg    	std   
0  	307,318	356,399	333,509	7,3223
1  	307,318	352,765	329,341	6,94522
835	211,472	269,763	213,833	7,76554
Tempo de Termino (hh:mm:ss.ms) 2019-08-30 16:30:21.277150
Tempo Total (hh:mm:ss.ms) 0:22:50.502078
Individuo: [[35, 42, 27, 61, 62, 14, 13, 31, 28, 33, 32, 29, 26, 25, 3, 46, 86, 69, 70, 66, 67, 1, 0, 38, 36, 37, 55, 5, 50, 87, 88, 51, 60, 2, 57, 52, 82, 11, 12, 73, 71, 78, 43, 59, 58, 89, 63, 64, 6, 77, 39, 56, 75, 23, 40, 41, 30, 76, 10, 90, 54, 65, 92, 22, 20, 19, 72, 49, 68, 83, 18, 17, 48, 80, 81, 47, 34, 44, 45, 15, 16, 85, 84, 4, 8, 24, 79, 7, 9, 53, 91, 74, 21], [0, 0, 0, 1, 0, 1, 1, 0, 0, 1, 1, 1, 1, 1, 1, 1, 1, 1, 1, 1, 1, 1, 1, 1, 0, 0, 0, 0, 1, 1, 0, 0, 1, 0, 0, 0, 0, 1, 0, 1, 1, 0, 0, 1, 0, 0, 0, 1, 0, 0, 1, 0, 1, 0, 1, 0, 0, 0, 1, 0, 0, 0, 0, 1, 1, 1, 1, 0, 0, 0, 1, 1, 0, 1, 1, 0, 0, 1, 0, 0, 0, 1, 1, 0, 1, 1, 1, 0, 1, 0, 1, 0, 1]]
Fitness:  211.47190226529705

Execução 5:

Tempo de Inicio (hh:mm:ss.ms) 2019-08-30 16:30:22.175259
gen	min    	max    	avg    	std    
0  	307,263	356,576	333,346	7,16875
1  	304,691	354,661	329,459	6,91777
750	210,676	274,548	213,05 	8,02873
Tempo de Termino (hh:mm:ss.ms) 2019-08-30 16:50:55.454200
Tempo Total (hh:mm:ss.ms) 0:20:33.278941
Individuo: [[34, 35, 37, 2, 5, 72, 80, 74, 22, 21, 12, 11, 13, 54, 65, 92, 90, 88, 91, 49, 87, 71, 8, 61, 24, 3, 69, 46, 84, 83, 68, 51, 50, 81, 86, 15, 16, 67, 70, 55, 0, 1, 66, 45, 44, 47, 40, 75, 26, 28, 76, 30, 29, 31, 14, 9, 25, 27, 62, 32, 33, 23, 77, 6, 10, 63, 89, 52, 57, 60, 4, 53, 73, 82, 64, 7, 79, 78, 41, 43, 39, 42, 56, 38, 36, 17, 18, 58, 59, 85, 48, 19, 20], [0, 0, 0, 1, 0, 1, 1, 0, 1, 1, 1, 0, 0, 0, 0, 1, 1, 0, 0, 0, 1, 0, 1, 0, 1, 1, 0, 0, 0, 0, 1, 0, 1, 1, 1, 0, 0, 1, 0, 1, 0, 0, 1, 1, 0, 1, 0, 1, 0, 0, 1, 1, 0, 1, 1, 0, 0, 0, 0, 0, 0, 0, 1, 1, 1, 1, 1, 1, 1, 0, 0, 0, 0, 1, 1, 1, 1, 0, 1, 1, 0, 0, 1, 1, 0, 0, 0, 1, 0, 0, 0, 0, 0]]
Fitness:  210.370352527821

