Torneio:

Execução 1:

Tempo de Inicio (hh:mm:ss.ms) 2019-08-29 20:21:31.681385
gen	min    	max    	avg    	std    
0  	185,606	245,375	220,708	9,48868
1  	183,461	245,249	215,416	9,74499
165	159,061	220,198	160,306	5,6978 
Tempo de Termino (hh:mm:ss.ms) 2019-08-29 20:22:47.920710
Tempo Total (hh:mm:ss.ms) 0:01:16.239325
Individuo: [[2, 3, 7, 8, 15, 5, 6, 1, 4, 13, 12, 14, 11, 10, 0, 9], [0, 0, 1, 0, 0, 1, 0, 0, 0, 1, 1, 0, 1, 1, 1, 0]]
Fitness:  159.06105442368374

Execução 2:

Tempo de Inicio (hh:mm:ss.ms) 2019-08-29 20:22:48.126792
gen	min    	max    	avg    	std    
0  	186,905	243,442	220,877	9,36302
1  	183,048	244,241	215,354	9,88756
180	158,461	237,686	159,478	4,93456
Tempo de Termino (hh:mm:ss.ms) 2019-08-29 20:24:05.215386
Tempo Total (hh:mm:ss.ms) 0:01:17.088594
Individuo: [[2, 3, 7, 8, 10, 11, 14, 15, 5, 6, 12, 9, 13, 4, 1, 0], [0, 0, 1, 0, 0, 0, 0, 0, 1, 0, 1, 1, 0, 1, 1, 0]]
Fitness:  158.46105442368375

Execução 3:

Tempo de Inicio (hh:mm:ss.ms) 2019-08-29 20:24:05.424892
gen	min    	max    	avg    	std    
0  	181,722	246,637	220,873	9,09712
1  	181,399	244,595	215,66 	9,48717
163	158,461	221,681	159,814	6,01796
Tempo de Termino (hh:mm:ss.ms) 2019-08-29 20:25:29.935596
Tempo Total (hh:mm:ss.ms) 0:01:24.510704
Individuo: [[0, 1, 4, 13, 12, 15, 5, 6, 9, 14, 11, 10, 8, 7, 3, 2], [1, 0, 0, 1, 1, 0, 1, 0, 0, 0, 1, 1, 1, 0, 1, 1]]
Fitness:  158.46105442368375

Execução 4:

Tempo de Inicio (hh:mm:ss.ms) 2019-08-29 20:25:30.152142
gen	min    	max    	avg    	std    
0  	187,499	245,003	221,025	9,18002
1  	180,915	244,287	215,733	9,31092
166	158,461	232,645	159,522	5,28903
Tempo de Termino (hh:mm:ss.ms) 2019-08-29 20:26:52.630619
Tempo Total (hh:mm:ss.ms) 0:01:22.478477
Individuo: [[2, 3, 7, 8, 11, 10, 0, 1, 4, 13, 12, 6, 5, 15, 14, 9], [0, 0, 1, 0, 0, 1, 1, 0, 0, 1, 0, 1, 0, 1, 1, 1]]
Fitness:  158.370329614269

Execução 5:

Tempo de Inicio (hh:mm:ss.ms) 2019-08-29 20:26:52.955413
gen	min    	max    	avg    	std    
0  	181,739	244,646	220,746	9,30344
1  	184,998	245,222	215,299	9,93983
204	158,461	219,434	159,698	5,65322
Tempo de Termino (hh:mm:ss.ms) 2019-08-29 20:28:33.777062
Tempo Total (hh:mm:ss.ms) 0:01:40.821649
Individuo: [[2, 3, 7, 8, 10, 11, 14, 15, 5, 6, 12, 9, 13, 4, 1, 0], [0, 0, 1, 0, 1, 0, 0, 0, 1, 0, 1, 1, 0, 1, 1, 0]]
Fitness:  158.46105442368375

