Torneio:

Execução 1:

Tempo de Inicio (hh:mm:ss.ms) 2019-08-29 21:17:13.287611
gen	min    	max    	avg    	std   
0  	552,646	665,608	621,141	14,538
1  	552,646	660,952	612,758	14,4292
547	433,934	550,496	437,322	12,4665
Tempo de Termino (hh:mm:ss.ms) 2019-08-29 21:25:28.897308
Tempo Total (hh:mm:ss.ms) 0:08:15.609697
Individuo: [[17, 9, 15, 31, 32, 18, 4, 3, 42, 25, 38, 43, 46, 27, 2, 30, 12, 29, 36, 37, 47, 41, 44, 45, 40, 28, 39, 26, 20, 35, 1, 14, 22, 8, 19, 0, 33, 11, 10, 16, 24, 6, 5, 13, 7, 34, 21, 23], [0, 1, 0, 0, 0, 1, 0, 0, 0, 1, 1, 0, 0, 1, 0, 1, 1, 1, 0, 0, 0, 0, 0, 0, 1, 1, 1, 0, 1, 1, 0, 0, 1, 1, 0, 0, 0, 1, 0, 0, 1, 0, 0, 1, 0, 0, 1, 0]]
Fitness:  433.934081833445

Execução 2:

Tempo de Inicio (hh:mm:ss.ms) 2019-08-29 21:25:29.415619
gen	min    	max   	avg    	std    
0  	559,147	663,33	620,574	14,9032
1  	559,611	664,029	612,44 	14,7088
481	428,418	544,128	432,016	13,0527
Tempo de Termino (hh:mm:ss.ms) 2019-08-29 21:32:46.638343
Tempo Total (hh:mm:ss.ms) 0:07:17.222724
Individuo: [[9, 15, 6, 4, 3, 31, 37, 17, 35, 47, 38, 24, 32, 25, 42, 44, 30, 2, 1, 41, 20, 43, 36, 45, 8, 16, 13, 19, 0, 5, 18, 33, 34, 21, 22, 40, 39, 23, 12, 29, 28, 14, 27, 46, 26, 10, 7, 11], [1, 0, 0, 0, 0, 1, 1, 0, 0, 1, 0, 0, 0, 0, 1, 1, 0, 1, 1, 1, 1, 0, 0, 0, 0, 1, 0, 0, 0, 1, 0, 0, 0, 1, 0, 1, 1, 0, 1, 1, 1, 1, 0, 1, 1, 0, 0, 1]]
Fitness:  428.4175912933786

Execução 3:

Tempo de Inicio (hh:mm:ss.ms) 2019-08-29 21:32:47.110576
gen	min    	max    	avg    	std   
0  	554,046	668,472	620,564	14,923
1  	561,183	659,409	612,288	14,69 
441	428,734	550,267	432,429	13,3662
Tempo de Termino (hh:mm:ss.ms) 2019-08-29 21:39:30.413939
Tempo Total (hh:mm:ss.ms) 0:06:43.303363
Individuo: [[9, 15, 6, 4, 3, 24, 47, 38, 25, 42, 45, 21, 34, 33, 19, 32, 31, 18, 5, 0, 13, 16, 10, 11, 22, 40, 39, 35, 43, 36, 46, 29, 12, 23, 7, 8, 44, 41, 20, 37, 17, 1, 27, 26, 28, 30, 2, 14], [1, 0, 0, 0, 0, 1, 1, 0, 0, 1, 0, 0, 1, 1, 0, 1, 1, 1, 0, 1, 1, 0, 1, 0, 0, 1, 1, 0, 0, 0, 0, 0, 0, 1, 1, 1, 1, 1, 1, 1, 0, 0, 0, 1, 0, 0, 1, 0]]
Fitness:  428.72667744188067

Execução 4:

Tempo de Inicio (hh:mm:ss.ms) 2019-08-29 21:39:30.893893
gen	min    	max    	avg    	std    
0  	568,965	673,531	620,947	14,6816
1  	564,883	659,283	612,915	14,1381
391	432,173	533,723	436,235	13,6745
Tempo de Termino (hh:mm:ss.ms) 2019-08-29 21:45:29.561846
Tempo Total (hh:mm:ss.ms) 0:05:58.667953
Individuo: [[9, 37, 15, 31, 38, 47, 20, 41, 44, 42, 0, 5, 6, 4, 18, 25, 24, 32, 3, 45, 22, 40, 46, 36, 43, 35, 27, 26, 30, 2, 1, 17, 14, 39, 28, 29, 12, 10, 16, 7, 11, 23, 21, 34, 33, 8, 19, 13], [1, 0, 0, 0, 1, 0, 1, 0, 0, 0, 0, 1, 1, 1, 0, 1, 0, 0, 1, 0, 0, 1, 1, 1, 1, 1, 0, 1, 0, 1, 1, 1, 0, 0, 0, 0, 0, 0, 0, 0, 1, 1, 0, 1, 1, 0, 1, 1]]
Fitness:  432.17313953513116

Execução 5:

Tempo de Inicio (hh:mm:ss.ms) 2019-08-29 21:45:30.051644
gen	min    	max    	avg    	std    
0  	565,577	667,455	621,038	14,6084
1  	556,83 	664,954	613,012	14,6345
610	429,547	538,861	433,124	12,8792
Tempo de Termino (hh:mm:ss.ms) 2019-08-29 21:54:53.414069
Tempo Total (hh:mm:ss.ms) 0:09:23.362425
Individuo: [[17, 35, 37, 15, 18, 4, 3, 32, 24, 38, 47, 46, 26, 14, 27, 1, 2, 30, 28, 39, 40, 22, 23, 12, 29, 36, 44, 11, 10, 7, 34, 21, 43, 20, 41, 25, 0, 33, 45, 42, 19, 8, 16, 13, 5, 6, 31, 9], [0, 0, 1, 0, 1, 0, 0, 1, 1, 1, 0, 0, 1, 1, 0, 0, 0, 1, 1, 0, 0, 0, 0, 1, 1, 0, 0, 1, 0, 0, 0, 1, 1, 0, 0, 0, 0, 0, 1, 0, 1, 0, 1, 0, 1, 1, 0, 0]]
Fitness:  429.5471756135397

