Torneio:

Execução 1:

Tempo de Inicio (hh:mm:ss.ms) 2019-08-29 20:37:34.076126
gen	min    	max    	avg    	std    
0  	104,822	129,361	119,351	3,84447
1  	103,002	128,061	117,114	4,01068
291	83,9478	113,838	84,6844	2,80068
Tempo de Termino (hh:mm:ss.ms) 2019-08-29 20:41:28.880513
Tempo Total (hh:mm:ss.ms) 0:03:54.804387
Individuo: [[0, 26, 25, 22, 21, 13, 10, 5, 8, 12, 16, 6, 4, 2, 3, 7, 9, 11, 14, 15, 17, 19, 20, 18, 24, 23, 27, 1], [0, 0, 0, 0, 1, 0, 0, 1, 0, 0, 0, 1, 1, 1, 0, 0, 0, 0, 1, 0, 0, 0, 1, 1, 1, 1, 1, 0]]
Fitness:  83.94777667524572

Execução 2:

Tempo de Inicio (hh:mm:ss.ms) 2019-08-29 20:41:29.212616
gen	min    	max    	avg    	std   
0  	104,562	131,193	119,379	3,8895
1  	102,345	128,416	117,062	4,08538
299	85,6516	114,626	86,332 	2,54602
Tempo de Termino (hh:mm:ss.ms) 2019-08-29 20:45:04.336150
Tempo Total (hh:mm:ss.ms) 0:03:35.123534
Individuo: [[0, 27, 23, 18, 22, 1, 9, 10, 13, 8, 7, 2, 3, 5, 4, 6, 17, 15, 11, 12, 14, 16, 19, 20, 21, 24, 25, 26], [0, 0, 0, 0, 1, 0, 0, 1, 0, 1, 0, 1, 0, 1, 0, 0, 1, 1, 1, 0, 0, 0, 0, 1, 1, 1, 0, 1]]
Fitness:  85.34777667524574

Execução 3:

Tempo de Inicio (hh:mm:ss.ms) 2019-08-29 20:45:04.627092
gen	min    	max    	avg    	std    
0  	102,424	129,237	119,429	3,84401
1  	102,424	127,559	117,192	4,00046
267	83,4791	109,992	84,2089	2,86296
Tempo de Termino (hh:mm:ss.ms) 2019-08-29 20:48:25.561288
Tempo Total (hh:mm:ss.ms) 0:03:20.934196
Individuo: [[0, 26, 25, 22, 21, 24, 23, 18, 15, 11, 10, 8, 5, 9, 7, 3, 2, 4, 6, 19, 20, 17, 16, 14, 12, 13, 27, 1], [0, 0, 0, 0, 1, 1, 0, 0, 1, 1, 1, 1, 0, 1, 1, 1, 0, 0, 0, 1, 1, 0, 1, 1, 1, 1, 1, 0]]
Fitness:  83.4791475251442

Execução 4:

Tempo de Inicio (hh:mm:ss.ms) 2019-08-29 20:48:25.937561
gen	min    	max    	avg   	std   
0  	104,461	129,491	119,12	3,9061
1  	102,748	129,302	116,974	4,12834
285	85,1498	110,228	85,7342	2,43308
Tempo de Termino (hh:mm:ss.ms) 2019-08-29 20:51:36.384835
Tempo Total (hh:mm:ss.ms) 0:03:10.447274
Individuo: [[0, 1, 2, 4, 5, 3, 6, 16, 11, 14, 12, 8, 7, 9, 10, 13, 18, 15, 17, 19, 20, 21, 24, 22, 25, 26, 27, 23], [0, 0, 0, 0, 0, 1, 0, 1, 0, 1, 1, 1, 0, 0, 1, 1, 0, 0, 0, 0, 1, 1, 1, 1, 1, 1, 0, 0]]
Fitness:  85.14980532999283

Execução 5:

Tempo de Inicio (hh:mm:ss.ms) 2019-08-29 20:51:36.683387
gen	min    	max    	avg    	std    
0  	103,131	128,896	119,399	3,90005
1  	103,052	129,443	117,105	4,07461
254	84,8195	109,286	85,4519	2,58993
Tempo de Termino (hh:mm:ss.ms) 2019-08-29 20:54:10.788910
Tempo Total (hh:mm:ss.ms) 0:02:34.105523
Individuo: [[0, 26, 25, 22, 21, 24, 18, 16, 6, 4, 5, 2, 3, 7, 9, 11, 14, 13, 10, 8, 12, 15, 17, 19, 20, 23, 27, 1], [0, 0, 0, 0, 1, 1, 0, 1, 1, 1, 1, 1, 0, 0, 0, 0, 1, 0, 0, 0, 0, 0, 0, 0, 1, 1, 1, 0]]
Fitness:  84.81947376972016

