Torneio:

Execução 1:

Tempo de Inicio (hh:mm:ss.ms) 2019-08-29 20:28:34.041388
gen	min    	max    	avg    	std   
0  	135,672	178,284	157,039	7,2506
1  	133,228	176,455	153,137	6,06237
186	118,897	164,3  	119,634	3,27919
Tempo de Termino (hh:mm:ss.ms) 2019-08-29 20:30:16.454149
Tempo Total (hh:mm:ss.ms) 0:01:42.412761
Individuo: [[8, 14, 3, 2, 13, 15, 11, 12, 16, 9, 5, 10, 4, 6, 7, 1, 0, 17], [0, 0, 1, 1, 1, 0, 1, 1, 1, 0, 1, 0, 1, 1, 0, 0, 1, 1]]
Fitness:  118.89719593068828

Execução 2:

Tempo de Inicio (hh:mm:ss.ms) 2019-08-29 20:30:16.739349
gen	min    	max    	avg    	std    
0  	137,979	178,248	157,078	7,16578
1  	135,793	178,007	153,243	6,20979
217	118,497	161,686	119,373	3,67496
Tempo de Termino (hh:mm:ss.ms) 2019-08-29 20:32:21.402512
Tempo Total (hh:mm:ss.ms) 0:02:04.663163
Individuo: [[16, 11, 4, 9, 8, 14, 13, 2, 6, 0, 17, 7, 3, 15, 12, 10, 5, 1], [0, 0, 1, 1, 0, 0, 0, 0, 0, 1, 1, 1, 0, 0, 0, 1, 1, 1]]
Fitness:  118.49719593068828

Execução 3:

Tempo de Inicio (hh:mm:ss.ms) 2019-08-29 20:32:21.796476
gen	min    	max    	avg    	std    
0  	135,339	178,805	157,067	6,96611
1  	133,5  	177,39 	153,555	6,28813
182	118,897	159,712	119,569	3,15498
Tempo de Termino (hh:mm:ss.ms) 2019-08-29 20:34:11.185097
Tempo Total (hh:mm:ss.ms) 0:01:49.388621
Individuo: [[8, 14, 15, 16, 9, 5, 10, 12, 11, 4, 0, 17, 7, 3, 13, 2, 6, 1], [0, 0, 0, 1, 0, 0, 0, 1, 0, 1, 1, 1, 1, 0, 0, 0, 0, 1]]
Fitness:  118.49719593068829

Execução 4:

Tempo de Inicio (hh:mm:ss.ms) 2019-08-29 20:34:11.442678
gen	min    	max    	avg    	std    
0  	137,505	177,848	157,325	6,94026
1  	137,505	177,073	153,579	6,04332
188	119,911	161,6  	120,666	3,46391
Tempo de Termino (hh:mm:ss.ms) 2019-08-29 20:35:59.440307
Tempo Total (hh:mm:ss.ms) 0:01:47.997629
Individuo: [[8, 14, 13, 11, 12, 2, 6, 0, 17, 7, 1, 5, 4, 10, 9, 16, 15, 3], [0, 0, 0, 1, 0, 0, 0, 1, 1, 1, 0, 0, 0, 1, 1, 0, 1, 1]]
Fitness:  119.91140949306138

Execução 5:

Tempo de Inicio (hh:mm:ss.ms) 2019-08-29 20:35:59.732762
gen	min    	max    	avg    	std   
0  	136,975	178,057	157,375	7,1758
1  	134,651	177,978	153,355	5,97997
182	118,897	156,785	119,679	3,33566
Tempo de Termino (hh:mm:ss.ms) 2019-08-29 20:37:33.794642
Tempo Total (hh:mm:ss.ms) 0:01:34.061880
Individuo: [[8, 13, 11, 16, 9, 4, 10, 5, 6, 3, 14, 15, 12, 2, 7, 17, 0, 1], [0, 0, 1, 1, 0, 0, 1, 1, 1, 0, 1, 0, 0, 0, 0, 0, 0, 1]]
Fitness:  118.49719593068829

