Torneio:

Execução 1:

Tempo de Inicio (hh:mm:ss.ms) 2019-08-30 16:50:56.376052
gen	min    	max    	avg    	std   
0  	488,597	570,741	532,756	11,414
1  	485,844	567,323	526,506	10,9183
177	460,025	539,873	492,705	14,0488
Tempo de Termino (hh:mm:ss.ms) 2019-08-30 16:57:35.543381
Tempo Total (hh:mm:ss.ms) 0:06:39.167329
Individuo: [[15, 56, 64, 21, 91, 14, 76, 61, 16, 58, 44, 66, 115, 120, 54, 111, 47, 68, 119, 42, 69, 103, 95, 84, 97, 24, 80, 29, 72, 19, 20, 121, 107, 11, 5, 92, 124, 41, 9, 75, 117, 85, 1, 25, 52, 109, 105, 81, 32, 3, 118, 70, 83, 57, 18, 90, 122, 74, 2, 63, 43, 59, 46, 106, 7, 108, 65, 123, 93, 112, 27, 12, 45, 94, 79, 50, 49, 60, 113, 40, 28, 96, 4, 26, 99, 10, 82, 55, 36, 87, 39, 30, 62, 13, 104, 98, 100, 37, 110, 53, 51, 102, 67, 35, 31, 22, 6, 8, 89, 33, 34, 77, 125, 78, 23, 17, 101, 48, 86, 71, 38, 114, 73, 88, 0, 116], [0, 1, 1, 0, 0, 0, 0, 1, 0, 0, 1, 1, 1, 1, 1, 0, 1, 0, 0, 1, 1, 0, 0, 0, 1, 0, 0, 0, 1, 0, 1, 1, 1, 1, 1, 0, 1, 0, 0, 1, 0, 1, 1, 1, 1, 0, 0, 1, 1, 1, 1, 0, 1, 0, 0, 1, 1, 0, 0, 1, 1, 0, 0, 1, 1, 1, 1, 0, 1, 0, 0, 0, 0, 0, 1, 1, 1, 1, 0, 0, 0, 1, 0, 1, 1, 1, 1, 1, 1, 1, 0, 1, 1, 0, 0, 0, 0, 1, 1, 0, 1, 1, 1, 1, 1, 1, 1, 1, 0, 0, 1, 1, 1, 1, 1, 0, 1, 1, 0, 1, 0, 1, 0, 1, 0, 0]]
Fitness:  447.6733381246516

Execução 2:

Tempo de Inicio (hh:mm:ss.ms) 2019-08-30 16:57:36.836565
gen	min    	max    	avg    	std    
0  	491,247	566,842	532,825	11,3981
1  	488,919	570,724	526,432	10,6937
815	331,053	438,81 	334,745	12,5267
Tempo de Termino (hh:mm:ss.ms) 2019-08-30 17:29:38.231067
Tempo Total (hh:mm:ss.ms) 0:32:01.394502
Individuo: [[16, 15, 93, 33, 51, 99, 114, 98, 89, 83, 53, 79, 49, 25, 61, 43, 55, 5, 21, 76, 22, 23, 24, 48, 52, 109, 58, 0, 42, 19, 59, 60, 32, 95, 26, 86, 85, 97, 28, 27, 36, 34, 40, 104, 35, 100, 101, 54, 110, 50, 108, 111, 88, 105, 38, 103, 29, 30, 115, 81, 120, 82, 66, 118, 4, 57, 92, 31, 62, 1, 2, 45, 44, 63, 67, 65, 3, 11, 96, 94, 20, 122, 90, 124, 17, 47, 77, 78, 84, 121, 91, 18, 56, 64, 8, 13, 73, 72, 12, 80, 123, 125, 107, 106, 46, 74, 14, 75, 117, 7, 6, 9, 68, 119, 112, 87, 69, 71, 10, 70, 113, 116, 102, 39, 41, 37], [0, 1, 1, 0, 1, 1, 0, 1, 1, 0, 0, 1, 0, 0, 1, 0, 0, 0, 0, 1, 1, 0, 0, 0, 1, 1, 0, 0, 1, 0, 1, 1, 1, 0, 1, 1, 0, 0, 1, 0, 1, 0, 0, 1, 1, 0, 0, 1, 1, 1, 0, 1, 0, 0, 1, 0, 0, 0, 0, 1, 1, 1, 1, 1, 0, 0, 1, 0, 0, 1, 0, 1, 0, 0, 0, 1, 0, 0, 1, 1, 0, 0, 1, 0, 1, 0, 0, 1, 0, 1, 0, 1, 1, 0, 1, 1, 1, 1, 0, 1, 0, 1, 1, 1, 0, 1, 0, 1, 0, 1, 0, 0, 1, 1, 0, 1, 0, 1, 1, 0, 0, 0, 0, 0, 1, 1]]
Fitness:  331.05262979433

Execução 3:

Tempo de Inicio (hh:mm:ss.ms) 2019-08-30 17:29:39.546146
gen	min    	max    	avg    	std    
0  	492,101	571,267	533,107	11,6982
1  	484,495	565,484	526,615	11,2048
1180	328,063	416,647	331,959	12,3224
Tempo de Termino (hh:mm:ss.ms) 2019-08-30 18:12:19.896274
Tempo Total (hh:mm:ss.ms) 0:42:40.350128
Individuo: [[16, 91, 5, 1, 68, 119, 112, 89, 114, 98, 33, 116, 52, 109, 111, 48, 24, 84, 107, 46, 62, 12, 72, 9, 73, 13, 29, 103, 41, 104, 105, 30, 35, 40, 39, 50, 49, 125, 74, 123, 124, 94, 93, 59, 3, 10, 69, 53, 25, 83, 51, 110, 54, 102, 115, 81, 79, 78, 22, 77, 86, 28, 87, 88, 38, 36, 37, 27, 113, 32, 58, 19, 18, 106, 14, 15, 122, 17, 121, 90, 92, 57, 56, 0, 117, 63, 7, 71, 99, 34, 100, 101, 120, 31, 60, 61, 66, 67, 65, 44, 45, 43, 4, 2, 11, 97, 85, 96, 95, 20, 47, 23, 108, 80, 82, 26, 70, 6, 8, 118, 64, 55, 42, 21, 76, 75], [0, 1, 1, 1, 0, 0, 0, 0, 0, 1, 1, 0, 1, 1, 1, 1, 1, 0, 1, 0, 0, 1, 0, 0, 0, 0, 1, 0, 1, 1, 1, 1, 1, 1, 1, 1, 1, 1, 0, 0, 0, 0, 0, 0, 0, 0, 0, 0, 0, 0, 1, 0, 0, 1, 0, 1, 1, 1, 0, 1, 0, 1, 0, 0, 1, 1, 0, 1, 1, 0, 0, 1, 0, 1, 1, 0, 1, 0, 1, 0, 0, 1, 1, 1, 0, 0, 0, 0, 0, 1, 0, 0, 1, 1, 1, 1, 0, 1, 0, 1, 1, 1, 1, 0, 0, 1, 0, 1, 1, 0, 0, 0, 0, 0, 1, 0, 1, 0, 0, 1, 0, 0, 1, 1, 0, 1]]
Fitness:  327.54068187777045

Execução 4:

Tempo de Inicio (hh:mm:ss.ms) 2019-08-30 18:12:21.071427
gen	min    	max    	avg    	std    
0  	490,691	574,592	533,074	11,3821
1  	487,082	565,629	526,679	10,805 
666	330,373	422,225	334,387	12,6961
Tempo de Termino (hh:mm:ss.ms) 2019-08-30 18:36:25.107610
Tempo Total (hh:mm:ss.ms) 0:24:04.036183
Individuo: [[15, 16, 90, 121, 86, 26, 3, 2, 55, 70, 120, 81, 116, 108, 115, 114, 99, 119, 12, 6, 62, 124, 46, 106, 22, 77, 47, 107, 125, 123, 78, 80, 29, 73, 85, 82, 25, 23, 20, 19, 83, 48, 49, 50, 101, 110, 51, 24, 111, 54, 34, 68, 10, 113, 103, 30, 8, 43, 44, 45, 66, 118, 67, 11, 97, 69, 112, 28, 89, 87, 105, 104, 38, 27, 88, 41, 39, 35, 100, 102, 33, 98, 36, 37, 40, 95, 32, 58, 59, 61, 117, 57, 122, 91, 92, 76, 42, 5, 0, 75, 18, 65, 64, 63, 1, 21, 74, 17, 60, 7, 71, 53, 79, 109, 52, 84, 94, 31, 93, 96, 72, 13, 9, 4, 56, 14], [1, 0, 0, 0, 0, 1, 1, 0, 1, 1, 0, 0, 0, 0, 1, 1, 0, 0, 1, 1, 1, 0, 1, 0, 1, 1, 1, 0, 0, 1, 0, 0, 0, 1, 1, 1, 1, 1, 1, 0, 0, 1, 0, 0, 0, 1, 1, 0, 1, 0, 0, 1, 0, 0, 0, 0, 0, 0, 1, 0, 1, 0, 0, 0, 1, 1, 0, 0, 1, 1, 0, 0, 1, 1, 0, 1, 1, 0, 1, 1, 1, 1, 1, 0, 0, 1, 0, 0, 0, 1, 1, 0, 0, 0, 0, 0, 0, 1, 1, 0, 1, 0, 1, 1, 1, 0, 1, 0, 1, 0, 0, 0, 1, 0, 0, 0, 1, 0, 1, 0, 0, 0, 1, 0, 0, 1]]
Fitness:  330.372958022646

Execução 5:

Tempo de Inicio (hh:mm:ss.ms) 2019-08-30 18:36:26.257391
gen	min   	max    	avg    	std    
0  	494,08	569,888	532,968	11,4798
1  	492,385	564,254	526,817	11,2178
752	329,028	426,801	332,848	12,5355
Tempo de Termino (hh:mm:ss.ms) 2019-08-30 19:03:43.191078
Tempo Total (hh:mm:ss.ms) 0:27:16.933687
Individuo: [[14, 74, 122, 86, 82, 81, 115, 54, 110, 51, 52, 101, 102, 33, 114, 70, 93, 46, 92, 18, 21, 75, 76, 77, 78, 22, 85, 96, 125, 17, 16, 15, 91, 121, 90, 94, 60, 61, 58, 19, 56, 118, 64, 1, 62, 59, 57, 117, 95, 48, 111, 116, 109, 49, 100, 34, 37, 35, 27, 36, 39, 40, 41, 104, 38, 119, 113, 83, 23, 31, 124, 106, 107, 2, 89, 69, 72, 7, 12, 28, 30, 8, 112, 87, 103, 88, 80, 53, 79, 24, 108, 50, 99, 98, 120, 25, 26, 71, 44, 43, 42, 0, 5, 55, 45, 63, 4, 3, 10, 68, 11, 97, 32, 20, 123, 47, 84, 66, 65, 6, 73, 105, 29, 13, 9, 67], [0, 0, 0, 0, 0, 1, 1, 1, 1, 1, 1, 1, 0, 1, 0, 0, 0, 1, 0, 0, 0, 0, 0, 1, 1, 0, 0, 1, 1, 1, 1, 1, 1, 0, 0, 0, 1, 1, 1, 0, 1, 0, 1, 1, 1, 0, 1, 0, 0, 0, 1, 1, 1, 0, 1, 0, 1, 1, 0, 1, 0, 0, 0, 1, 1, 0, 1, 0, 1, 1, 0, 1, 0, 0, 1, 0, 0, 0, 0, 1, 0, 1, 0, 1, 1, 1, 1, 1, 1, 0, 0, 0, 1, 1, 1, 0, 0, 1, 0, 1, 1, 0, 0, 0, 0, 1, 0, 0, 0, 1, 0, 1, 1, 0, 0, 0, 0, 0, 1, 0, 0, 1, 0, 0, 1, 1]]
Fitness:  329.0275978398445

