Torneio:

Execução 1:

Tempo de Inicio (hh:mm:ss.ms) 2019-08-30 13:50:01.125182
gen	min    	max    	avg    	std    
0  	306.456	354.767	333.362	7.14697
1  	304.962	350.145	329.48 	6.81931
632	212.427	278.061	214.79 	7.74766
Tempo de Termino (hh:mm:ss.ms) 2019-08-30 14:06:37.237185
Tempo Total (hh:mm:ss.ms) 0:16:36.112003
Individuo: [[26, 40, 44, 85, 56, 14, 13, 33, 68, 67, 23, 79, 48, 75, 37, 39, 74, 9, 51, 82, 86, 50, 12, 77, 47, 35, 8, 7, 80, 78, 6, 5, 81, 69, 16, 60, 1, 3, 10, 73, 49, 4, 2, 43, 46, 0, 58, 57, 17, 34, 32, 20, 29, 72, 25, 19, 21, 55, 54, 22, 59, 83, 65, 66, 28, 27, 52, 11, 38, 36, 31, 30, 41, 45, 76, 42, 61, 18, 71, 70, 24, 84, 53, 15, 64, 62, 63], [0, 0, 0, 0, 0, 1, 0, 0, 0, 0, 1, 1, 0, 0, 0, 0, 0, 0, 1, 0, 1, 0, 0, 0, 1, 1, 1, 0, 1, 0, 0, 0, 0, 0, 0, 0, 0, 0, 1, 1, 1, 1, 0, 1, 1, 1, 1, 0, 1, 0, 1, 0, 1, 0, 1, 0, 1, 1, 0, 1, 0, 0, 0, 0, 1, 1, 0, 1, 1, 1, 1, 1, 1, 0, 0, 0, 1, 1, 0, 0, 1, 1, 1, 0, 1, 0, 1]]
Fitness:  212.42671835082425

Execução 2:

Tempo de Inicio (hh:mm:ss.ms) 2019-08-30 14:06:38.138482
gen	min    	max    	avg    	std    
0  	306,406	355,828	333,232	7,07731
1  	300,67 	354,825	329,315	6,74275
594	220,621	269,64 	222,867	7,34646
Tempo de Termino (hh:mm:ss.ms) 2019-08-30 14:21:55.856408
Tempo Total (hh:mm:ss.ms) 0:15:17.717926
Individuo: [[25, 21, 80, 7, 82, 65, 59, 22, 57, 83, 84, 60, 53, 14, 16, 69, 70, 34, 56, 62, 44, 40, 4, 23, 67, 24, 28, 27, 47, 8, 2, 3, 73, 39, 49, 30, 1, 0, 72, 19, 29, 20, 33, 13, 85, 26, 41, 45, 54, 71, 17, 32, 15, 68, 66, 81, 51, 52, 50, 86, 77, 12, 11, 9, 10, 6, 5, 18, 48, 79, 76, 46, 42, 43, 61, 58, 78, 74, 75, 38, 31, 36, 37, 35, 55, 63, 64], [0, 1, 0, 1, 1, 0, 1, 0, 1, 1, 1, 1, 1, 1, 1, 1, 0, 0, 1, 0, 1, 1, 1, 0, 0, 1, 1, 1, 1, 0, 1, 0, 0, 1, 1, 1, 1, 0, 0, 1, 0, 1, 0, 1, 1, 0, 1, 0, 0, 0, 0, 1, 1, 0, 1, 1, 0, 0, 0, 1, 1, 1, 1, 1, 1, 1, 0, 1, 0, 0, 1, 0, 0, 0, 0, 0, 0, 1, 0, 1, 0, 0, 0, 0, 0, 0, 0]]
Fitness:  220.36993135344983

Execução 3:

Tempo de Inicio (hh:mm:ss.ms) 2019-08-30 14:21:56.677622
gen	min    	max    	avg    	std    
0  	306,982	355,246	333,232	7,15521
1  	306,238	354,136	329,048	6,77512
752	218,454	280,279	220,709	7,39495
Tempo de Termino (hh:mm:ss.ms) 2019-08-30 14:41:07.798529
Tempo Total (hh:mm:ss.ms) 0:19:11.120907
Individuo: [[26, 0, 46, 49, 30, 4, 84, 59, 60, 61, 7, 75, 10, 3, 76, 85, 62, 64, 63, 19, 20, 21, 29, 32, 34, 24, 65, 50, 82, 66, 68, 28, 74, 39, 47, 12, 52, 51, 67, 23, 81, 86, 80, 48, 42, 43, 9, 6, 5, 77, 83, 22, 56, 53, 54, 18, 2, 1, 41, 44, 45, 14, 15, 33, 16, 69, 13, 17, 70, 71, 57, 78, 38, 36, 31, 40, 72, 25, 55, 58, 79, 35, 8, 73, 37, 11, 27], [0, 0, 0, 1, 1, 0, 0, 1, 0, 0, 1, 0, 0, 1, 1, 1, 1, 0, 1, 0, 0, 0, 0, 0, 1, 1, 1, 1, 0, 0, 1, 1, 1, 1, 0, 1, 0, 1, 1, 1, 1, 1, 0, 0, 1, 0, 1, 1, 0, 0, 1, 0, 0, 0, 0, 1, 1, 1, 1, 0, 0, 1, 0, 0, 1, 1, 0, 1, 1, 1, 1, 0, 1, 1, 1, 0, 0, 1, 1, 0, 1, 1, 1, 1, 1, 0, 0]]
Fitness:  218.45212746946692

Execução 4:

Tempo de Inicio (hh:mm:ss.ms) 2019-08-30 14:41:08.635329
gen	min    	max    	avg    	std    
0  	308,391	357,463	333,415	7,25194
1  	302,796	351,653	329,419	6,9855 
572	215,88 	282,288	218,094	7,56619
Tempo de Termino (hh:mm:ss.ms) 2019-08-30 14:55:39.983311
Tempo Total (hh:mm:ss.ms) 0:14:31.347982
Individuo: [[25, 32, 34, 59, 84, 60, 83, 82, 81, 65, 66, 67, 69, 71, 57, 61, 80, 7, 12, 27, 28, 68, 86, 8, 35, 48, 42, 4, 41, 26, 40, 0, 56, 14, 55, 76, 44, 72, 63, 64, 62, 45, 46, 10, 47, 77, 5, 78, 85, 29, 19, 21, 20, 15, 13, 33, 16, 17, 53, 54, 18, 58, 2, 3, 9, 6, 50, 51, 11, 39, 74, 73, 36, 49, 38, 75, 52, 1, 30, 31, 37, 43, 79, 22, 70, 24, 23], [0, 0, 1, 0, 1, 1, 0, 0, 0, 0, 0, 0, 1, 1, 1, 0, 0, 1, 1, 0, 0, 0, 1, 0, 0, 0, 1, 0, 1, 0, 0, 0, 0, 1, 0, 1, 1, 0, 0, 1, 0, 1, 0, 1, 0, 0, 1, 1, 1, 0, 0, 0, 1, 1, 0, 0, 0, 0, 0, 0, 1, 0, 1, 0, 1, 1, 0, 0, 1, 0, 1, 1, 1, 0, 0, 1, 1, 1, 0, 0, 0, 1, 0, 0, 0, 1, 1]]
Fitness:  215.87972987491014

Execução 5:

Tempo de Inicio (hh:mm:ss.ms) 2019-08-30 14:55:40.831552
gen	min    	max   	avg    	std    
0  	310,239	357,03	333,483	7,13635
1  	307,911	352,474	329,402	6,8687 
620	216,32 	272,377	218,751	7,87368
Tempo de Termino (hh:mm:ss.ms) 2019-08-30 15:11:36.016618
Tempo Total (hh:mm:ss.ms) 0:15:55.185066
Individuo: [[25, 21, 13, 17, 56, 55, 18, 58, 64, 62, 26, 44, 30, 75, 3, 8, 7, 79, 63, 72, 85, 57, 67, 66, 65, 71, 69, 33, 16, 70, 50, 51, 23, 68, 28, 27, 52, 11, 12, 86, 53, 20, 19, 15, 14, 59, 82, 81, 83, 84, 61, 42, 48, 35, 43, 45, 46, 76, 29, 0, 40, 41, 4, 1, 2, 78, 6, 10, 73, 39, 74, 37, 31, 49, 36, 38, 9, 5, 77, 47, 80, 60, 54, 22, 32, 34, 24], [0, 1, 0, 1, 1, 1, 1, 0, 1, 0, 0, 0, 0, 1, 1, 1, 0, 1, 1, 1, 0, 0, 1, 1, 1, 0, 0, 0, 1, 1, 0, 0, 0, 1, 1, 1, 0, 1, 0, 0, 1, 0, 1, 1, 0, 0, 0, 0, 1, 1, 0, 0, 1, 1, 1, 1, 0, 1, 1, 1, 1, 0, 0, 0, 0, 0, 0, 1, 1, 0, 1, 1, 1, 0, 0, 0, 1, 0, 1, 1, 1, 1, 1, 0, 0, 1, 1]]
Fitness:  216.32042720984376

