Torneio:

Execução 1:

Tempo de Inicio (hh:mm:ss.ms) 2019-08-29 20:54:11.071272
gen	min    	max    	avg   	std    
0  	134,989	169,509	152,93	5,42766
1  	131,255	168,836	149,99	5,20723
368	101,87 	142,519	102,918	3,93306
Tempo de Termino (hh:mm:ss.ms) 2019-08-29 20:59:04.882554
Tempo Total (hh:mm:ss.ms) 0:04:53.811282
Individuo: [[1, 23, 14, 22, 24, 26, 25, 30, 4, 9, 40, 31, 10, 39, 12, 37, 33, 34, 35, 16, 18, 15, 38, 17, 36, 20, 21, 19, 6, 32, 11, 13, 7, 8, 3, 0, 2, 28, 29, 27, 5], [0, 0, 1, 0, 0, 0, 0, 0, 0, 0, 0, 0, 0, 0, 1, 0, 1, 0, 0, 0, 1, 1, 0, 0, 1, 0, 0, 0, 0, 1, 0, 0, 1, 0, 0, 1, 0, 1, 1, 0, 0]]
Fitness:  101.86988958515768

Execução 2:

Tempo de Inicio (hh:mm:ss.ms) 2019-08-29 20:59:05.347558
gen	min    	max    	avg   	std    
0  	136,498	169,898	153,05	5,56618
1  	133,928	167,544	149,769	5,07829
322	100,525	137,654	101,54 	3,7374 
Tempo de Termino (hh:mm:ss.ms) 2019-08-29 21:03:21.306548
Tempo Total (hh:mm:ss.ms) 0:04:15.958990
Individuo: [[1, 23, 22, 24, 26, 3, 0, 14, 5, 4, 6, 34, 18, 16, 39, 38, 19, 20, 21, 15, 36, 35, 17, 37, 31, 8, 7, 13, 11, 12, 2, 25, 28, 30, 29, 27, 9, 40, 32, 33, 10], [0, 0, 1, 0, 1, 0, 1, 0, 1, 0, 0, 0, 0, 1, 1, 1, 0, 0, 0, 1, 1, 1, 1, 0, 1, 1, 0, 1, 1, 0, 0, 0, 1, 1, 1, 0, 0, 0, 0, 0, 1]]
Fitness:  100.52488015705445

Execução 3:

Tempo de Inicio (hh:mm:ss.ms) 2019-08-29 21:03:21.752042
gen	min    	max   	avg    	std    
0  	135,579	168,39	153,044	5,45029
1  	133,21 	169,441	149,819	5,13015
323	102,002	135,01 	103,046	3,81642
Tempo de Termino (hh:mm:ss.ms) 2019-08-29 21:07:40.719126
Tempo Total (hh:mm:ss.ms) 0:04:18.967084
Individuo: [[1, 23, 14, 24, 2, 22, 0, 26, 25, 28, 29, 30, 5, 4, 6, 35, 15, 36, 21, 20, 19, 34, 39, 38, 17, 12, 7, 8, 10, 37, 11, 13, 3, 9, 27, 40, 31, 33, 32, 16, 18], [0, 0, 0, 0, 1, 1, 0, 0, 0, 1, 0, 0, 1, 0, 0, 0, 1, 1, 1, 1, 1, 1, 1, 1, 1, 1, 1, 0, 0, 1, 0, 0, 1, 0, 0, 0, 0, 1, 1, 0, 1]]
Fitness:  102.0015352129371

Execução 4:

Tempo de Inicio (hh:mm:ss.ms) 2019-08-29 21:07:41.162699
gen	min    	max    	avg    	std    
0  	137,556	168,304	153,014	5,43894
1  	133,163	167,229	150,021	4,95307
410	97,4582	137,922	98,6409	4,24713
Tempo de Termino (hh:mm:ss.ms) 2019-08-29 21:13:05.261875
Tempo Total (hh:mm:ss.ms) 0:05:24.099176
Individuo: [[1, 23, 24, 26, 3, 0, 31, 17, 38, 16, 18, 15, 36, 21, 20, 19, 35, 34, 33, 10, 37, 12, 39, 11, 13, 7, 8, 27, 29, 28, 25, 2, 22, 14, 5, 30, 4, 6, 32, 40, 9], [0, 0, 0, 1, 0, 1, 0, 0, 0, 0, 1, 1, 1, 1, 1, 1, 1, 1, 0, 1, 1, 0, 1, 0, 0, 1, 0, 1, 0, 0, 1, 1, 1, 0, 1, 1, 0, 0, 1, 1, 1]]
Fitness:  97.45818447223286

Execução 5:

Tempo de Inicio (hh:mm:ss.ms) 2019-08-29 21:13:05.675078
gen	min    	max    	avg    	std    
0  	137,364	168,892	153,237	5,28959
1  	135,093	166,671	150,084	4,98169
312	99,9152	139,041	100,954	3,81627
Tempo de Termino (hh:mm:ss.ms) 2019-08-29 21:17:12.851432
Tempo Total (hh:mm:ss.ms) 0:04:07.176354
Individuo: [[1, 23, 0, 7, 13, 37, 10, 32, 34, 33, 39, 16, 18, 17, 12, 11, 38, 15, 36, 21, 35, 19, 20, 6, 4, 5, 14, 30, 28, 25, 24, 22, 2, 26, 3, 8, 9, 40, 31, 27, 29], [0, 0, 0, 0, 1, 0, 1, 0, 1, 0, 1, 0, 1, 1, 1, 0, 1, 1, 1, 1, 1, 0, 0, 1, 1, 0, 1, 1, 0, 1, 1, 1, 0, 1, 0, 0, 0, 0, 1, 1, 0]]
Fitness:  99.91521215205955

