Torneio:

Execução 1:

Tempo de Inicio (hh:mm:ss.ms) 2019-09-03 08:34:25.568780
gen	min     	max     	avg     	std    
0  	1.793,85	2.339,66	2.082,99	80,1041
1  	1.800,46	2.316,22	2.038,82	74,2924
193	1.498,97	1.988,09	1.510,05	45,7482
Tempo de Termino (hh:mm:ss.ms) 2019-09-03 08:35:57.688028
Tempo Total (hh:mm:ss.ms) 0:01:32.119248
Individuo: [[17, 13, 8, 6, 5, 4, 10, 11, 19, 9, 7, 1, 14, 3, 16, 2, 18, 0, 12, 15], [0, 0, 1, 1, 1, 1, 1, 0, 0, 1, 1, 1, 0, 1, 0, 1, 1, 0, 0, 0]]
Fitness:  1498.9657140979664

Execução 2:

Tempo de Inicio (hh:mm:ss.ms) 2019-09-03 08:35:58.362790
gen	min     	max     	avg     	std    
0  	1.777,05	2.317,48	2.081,99	82,0754
1  	1.772,49	2.292,27	2.034,98	76,4995
185	1.506,4 	2.109,95	1.519,29	51,9759
Tempo de Termino (hh:mm:ss.ms) 2019-09-03 08:37:26.974743
Tempo Total (hh:mm:ss.ms) 0:01:28.611953
Individuo: [[17, 13, 8, 5, 4, 10, 14, 3, 16, 2, 6, 18, 0, 9, 19, 11, 12, 1, 7, 15], [0, 0, 1, 1, 1, 1, 0, 1, 0, 1, 0, 1, 0, 1, 1, 0, 0, 0, 0, 0]]
Fitness:  1506.404291123044

Execução 3:

Tempo de Inicio (hh:mm:ss.ms) 2019-09-03 08:37:27.634620
gen	min    	max     	avg     	std   
0  	1.826,3	2.334,92	2.083,08	82,141
1  	1.746,95	2.270,36	2.035,65	74,5486
190	1.503,16	2.022,07	1.514,49	46,5977
Tempo de Termino (hh:mm:ss.ms) 2019-09-03 08:38:58.403463
Tempo Total (hh:mm:ss.ms) 0:01:30.768843
Individuo: [[17, 13, 5, 4, 10, 11, 12, 9, 19, 0, 18, 8, 6, 2, 16, 3, 14, 1, 7, 15], [0, 0, 0, 1, 1, 0, 0, 0, 0, 1, 0, 1, 1, 0, 1, 0, 1, 0, 0, 0]]
Fitness:  1503.155521857449

Execução 4:

Tempo de Inicio (hh:mm:ss.ms) 2019-09-03 08:38:59.095343
gen	min     	max     	avg     	std    
0  	1.763,38	2.371,51	2.080,66	83,1809
1  	1.763,38	2.326,4 	2.035,2 	77,4367
188	1.512,1 	2.037,38	1.524,12	48,0216
Tempo de Termino (hh:mm:ss.ms) 2019-09-03 08:40:31.773198
Tempo Total (hh:mm:ss.ms) 0:01:32.677855
Individuo: [[17, 6, 2, 16, 15, 7, 1, 14, 3, 12, 19, 9, 0, 18, 8, 13, 5, 11, 10, 4], [0, 1, 0, 1, 1, 1, 1, 0, 1, 1, 0, 1, 1, 0, 0, 1, 0, 1, 0, 0]]
Fitness:  1512.0972379799114

Execução 5:

Tempo de Inicio (hh:mm:ss.ms) 2019-09-03 08:40:32.493150
gen	min     	max     	avg     	std    
0  	1.780,98	2.360,83	2.081,03	82,8332
1  	1.734,23	2.302,15	2.034,52	72,9637
235	1.508,57	1.960,88	1.518,76	42,8437
Tempo de Termino (hh:mm:ss.ms) 2019-09-03 08:42:27.151809
Tempo Total (hh:mm:ss.ms) 0:01:54.658659
Individuo: [[17, 13, 8, 6, 18, 5, 4, 11, 12, 1, 10, 14, 3, 7, 19, 0, 2, 16, 15, 9], [0, 0, 1, 1, 1, 1, 1, 0, 0, 1, 0, 0, 1, 1, 0, 1, 0, 1, 1, 0]]
Fitness:  1508.5657140979667

Execução 6:

Tempo de Inicio (hh:mm:ss.ms) 2019-09-03 08:42:27.807432
gen	min    	max     	avg     	std    
0  	1.800,6	2.315,43	2.082,29	80,5203
1  	1.779,92	2.333,18	2.037,57	75,0868
176	1.506,4 	2.086,86	1.518,45	47,8884
Tempo de Termino (hh:mm:ss.ms) 2019-09-03 08:43:53.242439
Tempo Total (hh:mm:ss.ms) 0:01:25.435007
Individuo: [[17, 13, 8, 5, 19, 1, 14, 3, 16, 2, 6, 18, 0, 9, 15, 7, 12, 11, 10, 4], [0, 0, 1, 0, 1, 1, 0, 1, 0, 1, 1, 1, 0, 1, 0, 1, 1, 1, 0, 0]]
Fitness:  1505.9688066349825

Execução 7:

Tempo de Inicio (hh:mm:ss.ms) 2019-09-03 08:43:53.903745
gen	min     	max     	avg     	std    
0  	1.811,97	2.350,18	2.081,01	82,3221
1  	1.763,97	2.336,44	2.036,91	76,0534
200	1.518,89	2.037,45	1.530,14	47,357 
Tempo de Termino (hh:mm:ss.ms) 2019-09-03 08:45:30.828779
Tempo Total (hh:mm:ss.ms) 0:01:36.925034
Individuo: [[17, 13, 8, 15, 3, 14, 10, 1, 11, 4, 5, 9, 7, 12, 19, 0, 18, 6, 2, 16], [0, 0, 1, 0, 0, 1, 0, 0, 1, 0, 0, 1, 1, 1, 0, 1, 0, 0, 0, 1]]
Fitness:  1518.8866051747918

Execução 8:

Tempo de Inicio (hh:mm:ss.ms) 2019-09-03 08:45:31.504052
gen	min     	max     	avg     	std    
0  	1.794,54	2.326,37	2.082,81	80,9355
1  	1.803,49	2.341,94	2.037,72	76,4292
175	1.503,16	2.049,36	1.514,47	47,5736
Tempo de Termino (hh:mm:ss.ms) 2019-09-03 08:46:59.833367
Tempo Total (hh:mm:ss.ms) 0:01:28.329315
Individuo: [[17, 8, 6, 2, 16, 15, 9, 7, 12, 19, 0, 18, 13, 5, 4, 11, 10, 1, 14, 3], [0, 1, 1, 0, 1, 1, 1, 1, 1, 0, 1, 0, 1, 0, 1, 1, 1, 1, 0, 1]]
Fitness:  1503.1555218574488

Execução 9:

Tempo de Inicio (hh:mm:ss.ms) 2019-09-03 08:47:00.530100
gen	min     	max     	avg     	std    
0  	1.818,05	2.324,66	2.080,58	79,6487
1  	1.776,97	2.299,43	2.035,86	74,9825
176	1.499,37	2.080,63	1.511,21	48,9398
Tempo de Termino (hh:mm:ss.ms) 2019-09-03 08:48:32.144635
Tempo Total (hh:mm:ss.ms) 0:01:31.614535
Individuo: [[4, 11, 12, 1, 10, 19, 0, 9, 15, 7, 14, 3, 16, 2, 6, 8, 13, 17, 5, 18], [1, 0, 0, 1, 0, 0, 1, 1, 0, 1, 0, 1, 0, 1, 0, 0, 1, 0, 0, 0]]
Fitness:  1499.3657140979667

Execução 10:

Tempo de Inicio (hh:mm:ss.ms) 2019-09-03 08:48:32.811395
gen	min     	max     	avg     	std    
0  	1.761,54	2.325,61	2.083,45	81,7849
1  	1.796,99	2.310,07	2.035,94	73,1177
169	1.519,98	2.102,89	1.531,13	49,8672
Tempo de Termino (hh:mm:ss.ms) 2019-09-03 08:49:55.634883
Tempo Total (hh:mm:ss.ms) 0:01:22.823488
Individuo: [[4, 10, 11, 12, 7, 15, 9, 19, 0, 8, 13, 17, 5, 18, 6, 2, 16, 3, 14, 1], [1, 1, 0, 0, 0, 1, 0, 1, 1, 0, 1, 0, 0, 0, 0, 0, 1, 0, 1, 0]]
Fitness:  1516.0042911230444

