30
244.0 251.0 288.0 242.0
198.0 279.0 232.0 279.0
240.0 219.0 291.0 212.0
198.0 230.0 198.0 279.0
298.0 215.0 298.0 179.0
298.0 215.0 298.0 279.0
298.0 179.0 265.0 179.0
295.0 190.0 298.0 179.0
291.0 212.0 295.0 190.0
229.0 209.0 265.0 198.0
240.0 219.0 229.0 209.0
265.0 198.0 295.0 190.0
286.0 279.0 298.0 279.0
232.0 279.0 244.0 251.0
229.0 209.0 223.0 179.0
265.0 179.0 223.0 179.0
290.0 217.0 298.0 215.0
251.0 232.0 244.0 251.0
251.0 232.0 240.0 219.0
290.0 217.0 295.0 190.0
286.0 279.0 288.0 242.0
265.0 198.0 265.0 179.0
229.0 209.0 198.0 230.0
290.0 217.0 291.0 212.0
232.0 279.0 272.0 279.0
288.0 242.0 290.0 217.0
286.0 279.0 272.0 279.0
244.0 251.0 272.0 279.0
223.0 179.0 199.0 179.0
198.0 230.0 199.0 179.0
