237
150.0 115.0 148.0 115.0
121.0 142.0 102.0 142.0
140.0 123.0 140.0 142.0
121.0 123.0 140.0 123.0
148.0 115.0 148.0 113.0
-51.0 142.0 -51.0 161.0
205.0 152.0 205.0 150.0
129.0 150.0 131.0 150.0
151.0 131.0 151.0 133.0
159.0 104.0 179.0 104.0
207.0 133.0 207.0 131.0
9.0 113.0 9.0 115.0
34.0 150.0 36.0 150.0
-2.0 151.0 -2.0 153.0
56.0 152.0 56.0 150.0
209.0 115.0 209.0 113.0
-40.0 150.0 -40.0 152.0
198.0 123.0 216.0 123.0
207.0 133.0 205.0 133.0
110.0 150.0 110.0 152.0
48.0 113.0 48.0 115.0
110.0 150.0 112.0 150.0
83.0 115.0 80.0 115.0
197.0 161.0 216.0 161.0
30.0 113.0 30.0 115.0
-51.0 123.0 -32.0 142.0
226.0 131.0 226.0 133.0
-10.0 115.0 -13.0 115.0
45.0 142.0 45.0 161.0
83.0 142.0 83.0 161.0
178.0 142.0 178.0 161.0
197.0 142.0 197.0 123.0
159.0 123.0 159.0 104.0
226.0 133.0 224.0 133.0
93.0 152.0 91.0 152.0
189.0 152.0 187.0 152.0
-32.0 123.0 121.0 123.0
9.0 113.0 12.0 113.0
45.0 161.0 64.0 161.0
140.0 104.0 140.0 123.0
26.0 113.0 26.0 115.0
-13.0 113.0 -10.0 113.0
23.0 113.0 26.0 113.0
121.0 142.0 140.0 123.0
112.0 150.0 112.0 152.0
190.0 114.0 188.0 114.0
187.0 150.0 189.0 150.0
178.0 161.0 197.0 161.0
2.0 113.0 2.0 115.0
66.0 113.0 66.0 115.0
168.0 112.0 168.0 114.0
171.0 112.0 171.0 114.0
64.0 142.0 64.0 161.0
37.0 113.0 40.0 113.0
-24.0 150.0 -24.0 152.0
26.0 161.0 45.0 161.0
-10.0 113.0 -10.0 115.0
159.0 123.0 159.0 142.0
148.0 151.0 150.0 151.0
179.0 104.0 179.0 123.0
121.0 161.0 140.0 161.0
-43.0 150.0 -43.0 152.0
-21.0 150.0 -21.0 152.0
121.0 123.0 140.0 104.0
168.0 112.0 171.0 112.0
40.0 115.0 37.0 115.0
-5.0 113.0 -5.0 115.0
37.0 113.0 37.0 115.0
69.0 115.0 66.0 115.0
73.0 151.0 75.0 151.0
159.0 142.0 159.0 161.0
75.0 153.0 73.0 153.0
2.0 113.0 5.0 113.0
16.0 113.0 19.0 113.0
66.0 113.0 69.0 113.0
34.0 150.0 34.0 152.0
198.0 104.0 198.0 123.0
80.0 113.0 80.0 115.0
170.0 151.0 170.0 153.0
189.0 152.0 189.0 150.0
179.0 123.0 197.0 123.0
19.0 115.0 16.0 115.0
45.0 113.0 48.0 113.0
-12.0 142.0 7.0 142.0
171.0 114.0 168.0 114.0
190.0 112.0 190.0 114.0
62.0 113.0 62.0 115.0
64.0 142.0 83.0 142.0
83.0 113.0 83.0 115.0
-32.0 142.0 -12.0 142.0
52.0 113.0 52.0 115.0
140.0 123.0 159.0 123.0
216.0 161.0 235.0 161.0
-32.0 142.0 -51.0 142.0
59.0 113.0 62.0 113.0
148.0 113.0 150.0 113.0
226.0 153.0 224.0 153.0
224.0 151.0 226.0 151.0
7.0 142.0 7.0 161.0
23.0 113.0 23.0 115.0
64.0 161.0 83.0 161.0
178.0 123.0 179.0 123.0
-24.0 150.0 -21.0 150.0
7.0 161.0 26.0 161.0
12.0 115.0 9.0 115.0
69.0 113.0 69.0 115.0
209.0 115.0 206.0 115.0
170.0 153.0 168.0 153.0
-51.0 123.0 -32.0 123.0
36.0 152.0 34.0 152.0
188.0 112.0 190.0 112.0
18.0 153.0 15.0 153.0
140.0 161.0 159.0 161.0
26.0 115.0 23.0 115.0
15.0 151.0 18.0 151.0
198.0 104.0 217.0 104.0
-43.0 150.0 -40.0 150.0
98.0 113.0 98.0 115.0
-40.0 152.0 -43.0 152.0
75.0 153.0 75.0 151.0
149.0 131.0 149.0 133.0
40.0 113.0 40.0 115.0
33.0 115.0 30.0 115.0
216.0 123.0 217.0 123.0
217.0 123.0 235.0 123.0
150.0 153.0 150.0 151.0
235.0 142.0 235.0 161.0
-12.0 161.0 7.0 161.0
-2.0 153.0 -4.0 153.0
98.0 115.0 95.0 115.0
54.0 150.0 56.0 150.0
102.0 161.0 121.0 161.0
-32.0 161.0 -12.0 161.0
189.0 133.0 187.0 133.0
83.0 142.0 102.0 142.0
150.0 153.0 148.0 153.0
206.0 113.0 209.0 113.0
207.0 152.0 207.0 150.0
-51.0 104.0 -32.0 123.0
112.0 152.0 110.0 152.0
-32.0 161.0 -51.0 161.0
178.0 123.0 178.0 142.0
168.0 151.0 170.0 151.0
217.0 123.0 217.0 104.0
187.0 131.0 189.0 131.0
95.0 113.0 98.0 113.0
26.0 142.0 45.0 142.0
197.0 142.0 197.0 161.0
179.0 104.0 198.0 104.0
93.0 150.0 93.0 152.0
121.0 142.0 140.0 142.0
-2.0 113.0 -2.0 115.0
207.0 152.0 205.0 152.0
-32.0 142.0 -32.0 161.0
159.0 161.0 178.0 161.0
-13.0 113.0 -13.0 115.0
235.0 123.0 235.0 142.0
197.0 123.0 198.0 123.0
95.0 113.0 95.0 115.0
205.0 133.0 205.0 131.0
170.0 131.0 170.0 133.0
54.0 152.0 54.0 150.0
150.0 115.0 150.0 113.0
140.0 104.0 159.0 104.0
216.0 142.0 216.0 123.0
55.0 113.0 55.0 115.0
83.0 161.0 102.0 161.0
178.0 142.0 197.0 142.0
76.0 115.0 73.0 115.0
5.0 113.0 5.0 115.0
148.0 153.0 148.0 151.0
140.0 142.0 140.0 161.0
168.0 131.0 168.0 133.0
55.0 115.0 52.0 115.0
87.0 113.0 90.0 113.0
216.0 142.0 235.0 142.0
129.0 150.0 129.0 152.0
91.0 150.0 91.0 152.0
91.0 150.0 93.0 150.0
151.0 133.0 149.0 133.0
224.0 151.0 224.0 153.0
168.0 131.0 170.0 131.0
48.0 115.0 45.0 115.0
45.0 113.0 45.0 115.0
159.0 142.0 178.0 142.0
206.0 115.0 206.0 113.0
102.0 142.0 102.0 161.0
76.0 113.0 76.0 115.0
12.0 113.0 12.0 115.0
15.0 153.0 15.0 151.0
140.0 142.0 159.0 142.0
73.0 113.0 73.0 115.0
5.0 115.0 2.0 115.0
59.0 113.0 59.0 115.0
-21.0 152.0 -24.0 152.0
149.0 131.0 151.0 131.0
205.0 131.0 207.0 131.0
-51.0 104.0 140.0 104.0
56.0 152.0 54.0 152.0
80.0 113.0 83.0 113.0
189.0 133.0 189.0 131.0
205.0 150.0 207.0 150.0
16.0 113.0 16.0 115.0
-4.0 151.0 -2.0 151.0
131.0 150.0 131.0 152.0
18.0 153.0 18.0 151.0
36.0 150.0 36.0 152.0
19.0 113.0 19.0 115.0
30.0 113.0 33.0 113.0
52.0 113.0 55.0 113.0
-4.0 151.0 -4.0 153.0
188.0 112.0 188.0 114.0
45.0 142.0 64.0 142.0
168.0 151.0 168.0 153.0
-5.0 113.0 -2.0 113.0
131.0 152.0 129.0 152.0
121.0 142.0 121.0 161.0
87.0 113.0 87.0 115.0
197.0 142.0 216.0 142.0
224.0 131.0 224.0 133.0
226.0 151.0 226.0 153.0
7.0 142.0 26.0 142.0
73.0 153.0 73.0 151.0
73.0 113.0 76.0 113.0
-12.0 142.0 -12.0 161.0
90.0 113.0 90.0 115.0
170.0 133.0 168.0 133.0
187.0 133.0 187.0 131.0
216.0 142.0 216.0 161.0
224.0 131.0 226.0 131.0
187.0 152.0 187.0 150.0
90.0 115.0 87.0 115.0
159.0 123.0 178.0 123.0
-2.0 115.0 -5.0 115.0
62.0 115.0 59.0 115.0
26.0 142.0 26.0 161.0
33.0 113.0 33.0 115.0
