GA:

Execução 1:

Tempo de Inicio (hh:mm:ss.ms) 2019-09-12 06:28:18.980731
gen	min     	max     	avg     	std    
0  	2.218,54	2.796,25	2.545,36	91,0508
1  	2.135,41	2.799,06	2.494,19	86,057 
437	1.810   	2.577,51	1.824,93	59,6006
Tempo de Termino (hh:mm:ss.ms) 2019-09-12 06:41:10.554898
Tempo Total (hh:mm:ss.ms) 0:12:51.574167
Individuo: [[12, 9, 10, 11, 17, 15, 14, 16, 20, 5, 22, 2, 21, 4, 19, 1, 13, 3, 6, 0, 8, 7, 18], [0, 0, 0, 1, 1, 1, 1, 0, 1, 1, 0, 0, 0, 0, 0, 0, 0, 0, 1, 0, 0, 0, 0]]
Fitness:  1810.0

Execução 2:

Tempo de Inicio (hh:mm:ss.ms) 2019-09-12 06:41:11.436077
gen	min     	max     	avg     	std    
0  	2.184,91	2.809,87	2.544,16	91,1652
1  	2.095,05	2.844,37	2.490,05	88,6779
450	1.824,14	2.501,13	1.838,5 	57,3038
Tempo de Termino (hh:mm:ss.ms) 2019-09-12 06:54:30.180323
Tempo Total (hh:mm:ss.ms) 0:13:18.744246
Individuo: [[12, 9, 10, 11, 17, 15, 14, 8, 19, 1, 13, 4, 0, 3, 2, 22, 5, 6, 20, 16, 7, 18, 21], [0, 0, 0, 1, 1, 1, 1, 1, 0, 0, 0, 0, 1, 1, 1, 0, 0, 0, 0, 1, 0, 0, 1]]
Fitness:  1822.3606797749978

Execução 3:

Tempo de Inicio (hh:mm:ss.ms) 2019-09-12 06:54:31.305091
gen	min    	max     	avg     	std    
0  	2.200,3	2.817,71	2.545,04	90,8575
1  	2.181,53	2.781,77	2.492,38	86,803 
449	1.830   	2.504,69	1.844,92	60,1477
Tempo de Termino (hh:mm:ss.ms) 2019-09-12 07:07:42.466275
Tempo Total (hh:mm:ss.ms) 0:13:11.161184
Individuo: [[12, 9, 10, 11, 17, 15, 14, 16, 20, 6, 5, 2, 21, 22, 3, 0, 8, 7, 1, 13, 4, 19, 18], [0, 0, 0, 1, 1, 1, 1, 0, 1, 1, 1, 0, 0, 0, 0, 0, 0, 0, 0, 0, 0, 0, 0]]
Fitness:  1818.284271247462

Execução 4:

Tempo de Inicio (hh:mm:ss.ms) 2019-09-12 07:07:43.356873
gen	min    	max     	avg     	std    
0  	2.189,1	2.832,74	2.542,87	91,0176
1  	2.180,86	2.781,91	2.488,96	87,5637
440	1.810   	2.539,87	1.825,1 	60,8195
Tempo de Termino (hh:mm:ss.ms) 2019-09-12 07:20:33.516629
Tempo Total (hh:mm:ss.ms) 0:12:50.159756
Individuo: [[12, 9, 10, 11, 17, 15, 14, 16, 20, 6, 5, 22, 2, 21, 3, 0, 19, 1, 13, 4, 8, 7, 18], [0, 0, 0, 1, 1, 1, 1, 0, 1, 0, 1, 0, 0, 0, 0, 0, 0, 0, 0, 0, 0, 0, 0]]
Fitness:  1810.0

Execução 5:

Tempo de Inicio (hh:mm:ss.ms) 2019-09-12 07:20:34.525312
gen	min     	max     	avg     	std    
0  	2.198,69	2.806,21	2.545,34	90,9667
1  	2.184,71	2.797,36	2.494,06	87,4462
