Torneio:

Execução 1:

Tempo de Inicio (hh:mm:ss.ms) 2019-08-21 16:27:49.216489
gen	min    	max    	avg    	std    
0  	563.764	669.652	620.852	15.7571
1  	565.67 	652.626	612.396	15.0877
1092	459.011	571.532	467.504	17.385 
Tempo de Termino (hh:mm:ss.ms) 2019-08-21 16:30:39.499403
Tempo Total (hh:mm:ss.ms) 0:02:50.282914
Individuo: Individual('i', [17, 35, 43, 20, 47, 41, 44, 6, 4, 3, 37, 9, 15, 31, 32, 25, 45, 42, 0, 5, 7, 34, 22, 23, 39, 28, 30, 27, 46, 1, 2, 14, 29, 12, 13, 8, 10, 16, 11, 21, 40, 26, 36, 38, 24, 18, 19, 33])
Fitness:  459.01134349518895

Execução 2:

Tempo de Inicio (hh:mm:ss.ms) 2019-08-21 16:30:39.499785
gen	min    	max   	avg   	std    
0  	572.401	660.16	621.55	14.8278
1  	565.394	661.961	612.47	14.8009
1140	461.814	560.809	470.209	16.7027
Tempo de Termino (hh:mm:ss.ms) 2019-08-21 16:33:35.062144
Tempo Total (hh:mm:ss.ms) 0:02:55.562359
Individuo: Individual('i', [17, 1, 14, 26, 35, 43, 46, 2, 27, 36, 44, 45, 22, 23, 29, 12, 39, 28, 30, 40, 25, 8, 16, 11, 20, 42, 0, 13, 19, 3, 32, 5, 33, 34, 21, 10, 7, 47, 41, 38, 24, 9, 37, 15, 31, 6, 4, 18])
Fitness:  461.80845442772477

Execução 3:

Tempo de Inicio (hh:mm:ss.ms) 2019-08-21 16:33:35.062521
gen	min    	max    	avg    	std    
0  	570.837	669.155	620.398	15.6325
1  	563.558	662.961	612.061	14.5384
827	457.925	574.605	466.834	17.5218
Tempo de Termino (hh:mm:ss.ms) 2019-08-21 16:35:44.362103
Tempo Total (hh:mm:ss.ms) 0:02:09.299582
Individuo: Individual('i', [17, 1, 14, 40, 26, 39, 28, 30, 2, 27, 43, 46, 36, 41, 44, 9, 37, 47, 35, 20, 38, 24, 15, 6, 4, 3, 5, 13, 8, 16, 10, 7, 34, 12, 11, 45, 21, 42, 0, 18, 31, 32, 25, 19, 33, 22, 23, 29])
Fitness:  457.9248854116197

Execução 4:

Tempo de Inicio (hh:mm:ss.ms) 2019-08-21 16:35:44.362462
gen	min  	max    	avg    	std    
0  	571.3	667.194	621.065	15.2563
1  	569.055	656.112	612.844	14.8687
837	457.254	566.146	465.595	16.753 
Tempo de Termino (hh:mm:ss.ms) 2019-08-21 16:37:57.584764
Tempo Total (hh:mm:ss.ms) 0:02:13.222302
Individuo: Individual('i', [17, 1, 14, 23, 11, 34, 29, 12, 40, 43, 36, 38, 25, 8, 13, 19, 0, 5, 16, 10, 7, 21, 39, 26, 2, 27, 46, 35, 20, 9, 37, 15, 31, 18, 24, 32, 6, 4, 3, 47, 41, 44, 42, 33, 45, 22, 28, 30])
Fitness:  457.25358348393013

Execução 5:

Tempo de Inicio (hh:mm:ss.ms) 2019-08-21 16:37:57.585122
gen	min    	max    	avg    	std    
0  	572.094	666.057	621.312	14.7433
1  	566.426	654.384	613.109	14.0632
944	457.421	553.268	464.949	15.5884
Tempo de Termino (hh:mm:ss.ms) 2019-08-21 16:40:23.350560
Tempo Total (hh:mm:ss.ms) 0:02:25.765438
Individuo: Individual('i', [17, 35, 43, 46, 14, 39, 40, 26, 36, 47, 41, 44, 45, 21, 22, 42, 13, 8, 16, 1, 2, 27, 20, 38, 24, 6, 4, 18, 0, 5, 3, 37, 9, 15, 31, 32, 25, 19, 33, 34, 23, 28, 29, 12, 11, 10, 7, 30])
Fitness:  457.4213125014958

Execução 6:

Tempo de Inicio (hh:mm:ss.ms) 2019-08-21 16:40:23.350923
gen	min    	max    	avg    	std    
0  	567.817	661.954	621.897	14.3637
1  	564.044	665.805	612.931	14.3934
852	464.73 	567.288	472.757	15.7668
Tempo de Termino (hh:mm:ss.ms) 2019-08-21 16:42:35.743356
Tempo Total (hh:mm:ss.ms) 0:02:12.392433
Individuo: Individual('i', [17, 1, 14, 10, 16, 7, 11, 21, 30, 2, 27, 8, 13, 19, 0, 5, 18, 25, 45, 22, 23, 26, 36, 41, 44, 42, 33, 34, 28, 29, 12, 39, 40, 37, 38, 24, 6, 4, 3, 31, 32, 47, 43, 46, 35, 20, 9, 15])
Fitness:  464.72956224053763

Execução 7:

Tempo de Inicio (hh:mm:ss.ms) 2019-08-21 16:42:35.743750
gen	min    	max    	avg    	std    
0  	562.456	667.602	620.921	15.6444
1  	562.456	657.391	612.302	14.6747
750	456.379	563.619	465.757	18.3971
Tempo de Termino (hh:mm:ss.ms) 2019-08-21 16:44:33.684525
Tempo Total (hh:mm:ss.ms) 0:01:57.940775
Individuo: Individual('i', [17, 35, 46, 39, 40, 28, 30, 14, 29, 12, 26, 36, 44, 42, 0, 18, 25, 19, 8, 16, 7, 11, 10, 13, 33, 34, 21, 22, 38, 15, 6, 4, 5, 3, 31, 32, 24, 9, 37, 47, 20, 41, 43, 1, 2, 27, 45, 23])
Fitness:  456.37929081702475

Execução 8:

Tempo de Inicio (hh:mm:ss.ms) 2019-08-21 16:44:33.684891
gen	min    	max    	avg    	std    
0  	568.015	661.836	621.296	15.6534
1  	562.661	664.639	611.834	14.5076
753	462.371	566.984	470.898	17.0001
Tempo de Termino (hh:mm:ss.ms) 2019-08-21 16:46:29.746757
Tempo Total (hh:mm:ss.ms) 0:01:56.061866
Individuo: Individual('i', [17, 35, 20, 41, 46, 28, 29, 12, 10, 13, 19, 47, 43, 36, 44, 45, 21, 34, 22, 23, 30, 14, 39, 40, 42, 25, 8, 7, 11, 6, 4, 3, 32, 37, 38, 9, 15, 31, 5, 33, 26, 1, 2, 27, 24, 18, 0, 16])
Fitness:  462.3710734510001

Execução 9:

Tempo de Inicio (hh:mm:ss.ms) 2019-08-21 16:46:29.747118
gen	min    	max    	avg    	std    
0  	569.019	666.941	620.987	15.8533
1  	562.477	662.819	611.471	14.9447
794	460.807	564.743	469.292	17.3522
Tempo de Termino (hh:mm:ss.ms) 2019-08-21 16:48:38.301173
Tempo Total (hh:mm:ss.ms) 0:02:08.554055
Individuo: Individual('i', [17, 35, 43, 36, 38, 24, 31, 32, 4, 5, 33, 21, 30, 2, 14, 40, 44, 42, 3, 25, 19, 37, 47, 20, 41, 1, 27, 45, 22, 23, 10, 13, 8, 16, 11, 9, 15, 6, 18, 0, 7, 34, 28, 29, 12, 26, 46, 39])
Fitness:  460.8067020912802

Execução 10:

Tempo de Inicio (hh:mm:ss.ms) 2019-08-21 16:48:38.301533
gen	min    	max    	avg    	std    
0  	571.445	668.885	621.128	15.9582
1  	563.929	665.769	611.691	14.7313
1952	457.464	576.312	466.514	17.6314
Tempo de Termino (hh:mm:ss.ms) 2019-08-21 16:53:32.004622
Tempo Total (hh:mm:ss.ms) 0:04:53.703089
Individuo: Individual('i', [17, 35, 20, 38, 24, 6, 4, 3, 25, 5, 18, 0, 8, 7, 21, 39, 28, 30, 2, 14, 29, 12, 11, 45, 22, 36, 44, 42, 33, 34, 26, 9, 15, 31, 32, 37, 47, 41, 1, 27, 40, 23, 10, 16, 13, 19, 43, 46])
Fitness:  457.4637289036639

